80
12.2400 85.7400 6.0
 9.2294 85.8302 6.0
 6.2336 85.7149 6.0
 3.2670 85.1942 6.0
 0.6522 83.8312 6.0
-1.7625 82.0522 6.0
-3.0974 79.3523 6.0
-4.1069 76.5460 6.0
-4.6220 73.5785 6.0
-3.9064 70.7406 6.0
-2.8422 67.9281 6.0
-2.2325 64.9785 6.0
-2.4559 62.1044 6.0
-3.5864 59.3127 6.0
-5.1177 56.7258 6.0
-6.6480 54.1366 6.0
-7.8822 51.3892 6.0
-8.8243 48.5433 6.0
-9.5036 45.6090 6.0
-9.4984 42.6085 6.0
-9.1719 39.6461 6.0
-8.0287 36.8595 6.0
-6.4033 34.3749 6.0
-4.3955 32.1298 6.0
-1.9946 30.3225 6.0
 0.5453 28.7453 6.0
 3.3909 27.7581 6.0
 6.3361 27.2637 6.0
 9.3417 27.0677 6.0
12.3534 27.0635 6.0
15.3592 27.1703 6.0
18.3506 27.5215 6.0
21.3386 27.9003 6.0
24.3246 28.2952 6.0
26.5915 30.2601 6.0
28.5643 32.4763 6.0
29.9283 35.1616 6.0
31.4200 38.6800 6.0
32.0000 42.8900 6.0
28.5100 43.3300 6.0
26.0159 44.0436 6.0
23.1210 44.8443 6.0
20.4387 46.2145 6.0
18.4013 48.2185 6.0
17.0776 50.9240 6.0
16.5889 53.8744 6.0
16.9038 56.3283 6.0
18.7414 54.4828 6.0
20.1700 51.8399 6.0
22.2615 49.6725 6.0
24.6418 47.9366 6.0
27.4427 46.8291 6.0
30.3820 46.2458 6.0
33.3145 46.0853 6.0
35.9231 47.5909 6.0
38.5995 48.9635 6.0
41.3515 50.1877 6.0
44.0149 51.5908 6.0
46.6543 53.0416 6.0
49.2749 54.5263 6.0
51.0818 56.6786 6.0
52.0259 59.5388 6.0
49.9558 61.3123 6.0
47.2020 62.2100 6.0
44.1901 62.2100 6.0
41.1781 62.2100 6.0
38.1965 62.3491 6.0
35.4576 63.6023 6.0
33.6935 65.6853 6.0
32.8933 68.5890 6.0
32.6172 71.5825 6.0
32.1164 74.4993 6.0
30.6249 77.1161 6.0
28.6848 79.3682 6.0
26.4281 81.3629 6.0
23.7019 82.6225 6.0
20.8675 83.5218 6.0
17.8621 83.7200 6.0
15.0093 84.5555 6.0
12.2400 85.7400 6.0
