17
 8.0300 82.6900 6.0
 4.9876 82.6476 6.0
 2.2367 81.5944 6.0
 0.1596 79.4516 6.0
-1.1016 76.6944 6.0
-1.4100 73.6923 6.0
 0.1939 71.1487 6.0
 2.7967 70.0409 6.0
 5.6352 71.1214 6.0
 5.8222 73.8686 6.0
 3.4435 75.6665 6.0
 4.4889 77.3200 6.0
 7.5120 77.0121 6.0
10.3950 77.0335 6.0
12.2440 78.9134 6.0
10.7036 81.3048 6.0
 8.0300 82.6900 6.0
7
22.5600 73.4000 6.0
19.3220 73.4000 6.0
18.1213 70.7397 6.0
19.4969 68.2913 6.0
22.6296 68.6364 6.0
24.3939 70.9791 6.0
22.5600 73.4000 6.0
9
48.4100 60.4700 6.0
45.8000 60.0300 6.0
45.2200 58.4400 6.0
46.3800 57.1300 6.0
47.8300 57.2700 6.0
48.9900 57.8600 6.0
49.7200 58.7300 6.0
49.2900 59.6000 6.0
48.4100 60.4700 6.0
18
 3.3800 52.3400 6.0
 0.7579 50.8238 6.0
-1.1537 48.6379 6.0
-2.3621 45.8655 6.0
-3.3149 43.0048 6.0
-3.2956 40.0156 6.0
-1.8379 37.3627 6.0
 0.7618 35.8083 6.0
 3.7342 35.4322 6.0
 6.7541 35.1983 6.0
 9.6548 35.5701 6.0
10.9400 37.8032 6.0
 9.7181 40.5437 6.0
 8.3170 43.2289 6.0
 6.8399 45.8731 6.0
 6.1400 48.7177 6.0
 6.1103 51.6229 6.0
 3.3800 52.3400 6.0
