1000
2.5168899613341615 34.86967793304882 7.4831100386658385
45.25110932467222 69.4158116006631 35.25110932467222
1.8084829982824608 52.65781969907776 8.19151700171754
1.068497953843167 36.43576979005931 8.931502046156833
0.7288456691681962 76.6995330516647 9.271154330831804
29.4856943865775 45.78237110600736 19.4856943865775
26.704395826791973 52.01134669039868 16.704395826791973
20.33800813899405 64.74071770241326 10.338008138994049
25.208105427386407 37.726552146949 15.208105427386407
46.43457885558093 69.12487587171015 36.43457885558093
41.67260522843532 72.2660087244085 31.672605228435323
44.35607120517589 54.562599264510375 34.35607120517589
-6.750529958545712 65.4728086013171 16.750529958545712
43.84476644001035 66.16895444709724 33.84476644001035
-8.118961164482572 79.5934692114867 18.11896116448257
28.858576706759308 68.76238802258737 18.858576706759308
45.84993070462986 48.038503424216145 35.84993070462986
20.147805401035313 55.53455578677458 10.147805401035313
15.159240056712683 49.691953365932726 5.159240056712683
9.904577269973835 56.75527246674452 0.09542273002616497
44.96741710287613 74.78825613676183 34.96741710287613
45.55815584645342 34.8097447703472 35.55815584645342
27.147530550836677 74.71064997082075 17.147530550836677
32.865739045200904 55.19539376335561 22.865739045200904
10.347622471236079 37.27005603307872 0.3476224712360789
-1.7095139699625843 76.69455451517004 11.709513969962584
48.740058681390074 39.72820894579273 38.740058681390074
29.42132700101633 31.348877880586375 19.42132700101633
6.463252970299042 53.543530731638235 3.5367470297009582
48.625013149343026 58.68346516919996 38.625013149343026
26.53819601809105 32.52704700055926 16.53819601809105
9.835105211842638 61.44367056580403 0.16489478815736192
43.74878003267743 58.1560346988518 33.74878003267743
-5.325974318984921 58.15748686279722 15.32597431898492
38.249219844332444 34.04753286483389 28.249219844332444
-0.42525906948346126 47.83737350999147 10.425259069483461
-3.5395332370265997 36.528933302217624 13.5395332370266
5.536644112583783 53.395828125192395 4.463355887416217
32.88953262771374 48.53104645116585 22.88953262771374
26.480497918035738 46.49172347160072 16.480497918035738
15.276702644352124 74.08992420907268 5.276702644352124
-0.45722844862456924 61.212244062556245 10.45722844862457
45.42511183879865 35.502809325769384 35.42511183879865
35.97711047220384 62.86841634971977 25.97711047220384
31.17599769989254 79.81231450293929 21.17599769989254
38.77454397299844 48.26459846663964 28.774543972998437
36.4547156337906 68.52615766492119 26.4547156337906
-3.254499323132938 62.85741871388288 13.254499323132938
36.40125309442163 53.752603458224826 26.401253094421627
40.323526048373594 50.230074835147306 30.323526048373594
34.805351628501334 40.697454620647704 24.805351628501334
18.93663657942707 50.88806102230784 8.93663657942707
31.186738638117568 43.3406407921216 21.186738638117568
-3.9995431819963763 54.31529701945905 13.999543181996376
35.86072151024739 63.468774517178694 25.860721510247387
5.7336660963852815 74.34334836034856 4.2663339036147185
37.10758378087234 37.271263908301975 27.10758378087234
28.11704502509376 70.48890926155704 18.11704502509376
20.54470739895762 68.0980545372071 10.54470739895762
22.161029339648472 61.40347367934264 12.161029339648472
-5.516151633228228 39.60372957126657 15.516151633228228
-7.546125378685645 33.5853556578435 17.546125378685645
-9.110511106083734 36.842580610879935 19.110511106083734
36.532548049110794 46.092519969820835 26.532548049110794
-1.6902809344135612 44.56863723691522 11.690280934413561
-2.628007795765132 70.51985422144577 12.628007795765132
13.103767387786522 47.179565968379904 3.1037673877865224
48.66217828452564 38.113472335475066 38.66217828452564
43.15545768754831 78.78604491336355 33.15545768754831
8.797341718637114 65.24467063689929 1.2026582813628863
39.18790689428463 70.16542629118779 29.18790689428463
-4.89533348251739 54.86103592602489 14.89533348251739
13.522420366362933 34.84494810427915 3.522420366362933
24.7523472083381 59.3129643814798 14.7523472083381
49.174814920923566 52.237152877886416 39.174814920923566
-7.077582533998095 45.90248613588268 17.077582533998097
14.745261035093506 34.37408524041525 4.745261035093506
45.17662640027641 45.80560101686994 35.17662640027641
-8.343359061851501 43.61552027429755 18.3433590618515
25.94494273454673 47.81310948075176 15.944942734546729
13.963624745228788 65.66670343239922 3.9636247452287883
23.61610802910154 35.83167154805792 13.61610802910154
32.20096482211364 48.94205373602368 22.20096482211364
14.401724817479135 67.94329029610059 4.401724817479135
43.52313443024698 45.48441809910534 33.52313443024698
47.34287135303597 72.79862000125371 37.34287135303597
49.10354787692969 73.20300370510796 39.10354787692969
-6.713290031538747 39.46112076131792 16.713290031538747
40.209767421642496 62.479389869580125 30.209767421642496
42.702350560903454 61.97082288062299 32.702350560903454
-1.275684433921814 38.487760591466554 11.275684433921814
46.4857697048456 57.88883528077373 36.4857697048456
-2.3731687765234373 53.76210054702543 12.373168776523437
2.438844705471139 42.03690956509084 7.561155294528861
47.332802937189314 65.6499141170374 37.332802937189314
39.8469895523559 74.76897875204897 29.8469895523559
24.593071253420213 74.82422124786385 14.593071253420213
7.268499851765476 35.288422126690826 2.731500148234524
5.162929093078075 48.94260933407289 4.837070906921925
14.188311853101258 34.46252762938653 4.188311853101258
-9.46039012152854 53.193104745685204 19.46039012152854
28.181551037247424 63.15902916372288 18.181551037247424
-6.90699345314385 65.3442911582649 16.90699345314385
36.43112828351674 32.88526487401124 26.431128283516742
-5.790181364325981 35.65211927562716 15.790181364325981
-9.384737175935962 61.608175158402375 19.38473717593596
7.079420158791251 71.74656920286236 2.920579841208749
36.36152243950196 60.37563185843726 26.36152243950196
39.95822150783536 34.69562533546677 29.95822150783536
20.438165724835947 34.091905272272214 10.438165724835947
46.297837642636715 59.03053838747374 36.297837642636715
-3.128978481916816 40.84523270032863 13.128978481916816
9.933164420615807 67.38157708184563 0.06683557938419327
34.420717427374264 45.10650770558878 24.420717427374264
9.399195091825316 71.29695274046091 0.600804908174684
-1.2783551229842143 75.10497084710718 11.278355122984214
24.701645859060122 56.553088967728534 14.701645859060122
-6.245560458539479 65.13324866698301 16.24556045853948
12.381009254055815 68.20331966046854 2.381009254055815
5.232124381242793 61.33356056160538 4.767875618757207
9.90874186856847 62.33977660853978 0.09125813143153039
19.110933305556184 50.18408598784107 9.110933305556184
22.14214691211854 74.64061740615946 12.142146912118541
-4.93855264147933 38.86011567566382 14.93855264147933
8.931686776320639 38.09209302999594 1.068313223679361
13.021804441457508 66.21927987250405 3.0218044414575083
14.198264125977069 40.57108366388506 4.198264125977069
18.802121230043156 56.00605555501188 8.802121230043156
15.552321457259808 75.07318651911473 5.552321457259808
-5.558345061637233 47.879075436195556 15.558345061637233
3.15947494375253 66.78061345809758 6.84052505624747
28.657161921088935 73.4533487636892 18.657161921088935
39.725840780654295 62.93267221553713 29.725840780654295
20.6864368826409 34.539752875273585 10.686436882640901
-1.1086139622460571 55.8175743461899 11.108613962246057
-5.77197977460618 69.85212511893931 15.77197977460618
-0.6463481331855299 79.88844480450621 10.64634813318553
13.04282887780801 52.93298386367986 3.0428288778080095
23.912385008877166 32.8130781427124 13.912385008877166
29.85543417995305 47.45711571550248 19.85543417995305
21.461559057658274 54.97492478273079 11.461559057658274
23.917439715284672 76.4701321837147 13.917439715284672
11.1340045653195 33.25901922794105 1.1340045653195006
29.935814530860142 75.79046955877952 19.935814530860142
33.611614619327256 51.99873195372803 23.611614619327256
14.12752401447663 34.976605013280754 4.127524014476631
38.894748681416345 67.58083739306437 28.894748681416345
34.63592171803467 36.0539734819384 24.635921718034673
44.284639338704224 36.69900707875614 34.284639338704224
18.004898508970893 41.84318312143406 8.004898508970893
10.713315858973107 57.36200664731142 0.7133158589731075
36.6322200755074 63.01591891668011 26.632220075507398
-7.74439421659557 73.01849318425027 17.74439421659557
13.032577089213731 59.48685063949871 3.0325770892137314
48.631592556529846 61.87447222193114 38.631592556529846
10.535832997783555 54.059691243395065 0.5358329977835545
20.73934331844525 55.215227896713145 10.73934331844525
4.986172128184448 63.148289798919414 5.013827871815552
-5.383181359487629 43.49724709007391 15.38318135948763
-3.3428951942963714 44.79959451341101 13.342895194296371
16.112604632937206 61.148940952262706 6.112604632937206
27.140138854337252 61.086994304075446 17.140138854337252
22.74490432036955 39.009799834932466 12.74490432036955
21.120932925257875 39.785512648702536 11.120932925257875
-3.3009438330494607 57.42169339549932 13.30094383304946
-7.584442986590423 71.6620988809122 17.584442986590425
11.521771567947528 45.58913493145752 1.5217715679475283
46.54909329075668 38.699745353192746 36.54909329075668
0.7890531454581922 32.42735052679459 9.210946854541808
6.155683168491045 56.508262374506145 3.844316831508955
18.988457958090127 56.42273886556613 8.988457958090127
44.85243225794187 60.63319867953736 34.85243225794187
46.818461754510835 57.32829553533977 36.818461754510835
-9.921785528436967 62.94767378858762 19.921785528436967
28.87373615932387 73.50657366954921 18.87373615932387
4.169487351633947 45.87496981330597 5.830512648366053
29.26890185955847 69.802099517692 19.26890185955847
34.57079815504032 41.33695691768303 24.570798155040322
43.22836339962191 46.54354892365321 33.22836339962191
31.00504896169835 54.7191820833208 21.00504896169835
40.832575630816585 55.981673867229 30.832575630816585
37.0687948430963 66.8841796534856 27.0687948430963
-0.3570317080537997 31.302607720829883 10.3570317080538
-7.378434049544362 66.9206910885261 17.37843404954436
34.32671836625202 70.30644302807944 24.326718366252017
21.55513390533602 30.069918887334886 11.555133905336021
49.87193029890685 58.099570367425 39.87193029890685
-0.10656751702844858 30.93635836704457 10.106567517028449
13.11619625777453 36.91593764909084 3.1161962577745292
7.26701454145465 73.55946969590704 2.7329854585453504
42.721839061498414 32.74808269781477 32.721839061498414
19.021745717389333 75.37000928514888 9.021745717389333
44.81897489456613 63.37452232606484 34.81897489456613
32.4314001743071 68.29629684340608 22.4314001743071
49.92837009865516 63.76130090948862 39.92837009865516
25.98674095834327 67.91905799126397 15.986740958343269
48.569549174999835 66.59815645863819 38.569549174999835
0.40438023726828476 74.74297604888605 9.595619762731715
16.500803671143053 47.99226401576396 6.5008036711430535
24.703472254169526 49.140680874311784 14.703472254169526
48.69775463488958 62.47130697649879 38.69775463488958
24.072789446763295 56.50821045771334 14.072789446763295
41.91589885878654 63.92613157051771 31.91589885878654
27.71033353094171 48.40796392261248 17.71033353094171
20.74406151303641 50.93625337250599 10.74406151303641
13.486483054114068 49.606839015976405 3.4864830541140677
12.118042877755602 31.9817410395805 2.1180428777556024
7.7130822422883405 66.84227400383685 2.2869177577116595
2.682198251001884 58.448121252414836 7.317801748998116
47.7546214648177 74.29741257649796 37.7546214648177
22.187672966936645 66.89534441037915 12.187672966936645
41.95217218746417 50.74520668144013 31.95217218746417
43.09782566371481 68.77229474528397 33.09782566371481
46.537991667778066 33.17051730264265 36.537991667778066
4.29000836580644 61.80630211879139 5.70999163419356
10.26373354672588 76.55956212856938 0.2637335467258808
27.988392776160076 74.58058617553237 17.988392776160076
9.323242713618999 45.820410382150335 0.676757286381001
-1.3643143278011198 44.02841615789687 11.36431432780112
35.591552819326864 44.74290630855615 25.591552819326864
23.023513930876035 74.33254914447835 13.023513930876035
22.191381173425974 47.11254698174365 12.191381173425974
32.62826230963155 50.66747191964153 22.628262309631552
-3.115584897841206 46.484584960701454 13.115584897841206
45.314540466766964 43.311300619090545 35.314540466766964
18.789385052687475 73.50492742075082 8.789385052687475
31.509733579242962 52.18334220027904 21.509733579242962
26.019455652507098 56.71074469837615 16.019455652507098
26.313975564721375 50.066894840690395 16.313975564721375
32.59470081425487 46.76702943810174 22.59470081425487
-4.672261383763794 50.17961069642147 14.672261383763793
19.80399306330429 74.74428994794219 9.80399306330429
2.6173652531547518 44.01588392580123 7.382634746845248
13.381031128808246 64.83641632432948 3.381031128808246
20.704747379735615 40.70282080796535 10.704747379735615
11.236918200872779 75.46060961254935 1.236918200872779
14.40277441531033 53.346287292512685 4.402774415310329
33.85218934151695 44.938819931137175 23.852189341516947
-7.400364044864354 51.42852721338579 17.400364044864354
47.39561536774079 66.98786267172282 37.39561536774079
26.23505137768516 72.82042828520598 16.23505137768516
-0.1867217509887773 70.62977831156344 10.186721750988777
23.433125820011128 36.49049279071366 13.433125820011128
-5.143866277849163 78.3653043131863 15.143866277849163
20.088422278061135 53.86616140244947 10.088422278061135
31.317885586518493 77.55522645747035 21.317885586518493
15.18667615082341 38.54062535782645 5.186676150823409
8.850879154427645 77.04568942086138 1.1491208455723552
30.422846410900128 39.64817519408826 20.422846410900128
46.117111161362935 73.46953814169473 36.117111161362935
42.418150468351236 43.534044661599715 32.418150468351236
13.122092807793255 72.04753171885147 3.122092807793255
41.804134360558656 38.190768803377246 31.804134360558656
-3.0979502681413695 72.7379016522159 13.09795026814137
-6.476764082322502 63.06823018377891 16.476764082322504
48.99121813165229 36.06994237052738 38.99121813165229
35.77452328777029 76.8430601984696 25.774523287770293
26.899305754990444 51.701145160424794 16.899305754990444
23.52684532320054 39.18461982765347 13.52684532320054
8.53273684440104 72.18346399771704 1.4672631555989604
43.944929874629096 32.71992553617179 33.944929874629096
41.165026984868135 31.91166650615932 31.165026984868135
18.90290023757931 66.86214089192597 8.90290023757931
3.222968107185693 34.49355795589307 6.777031892814307
30.583710710556282 67.32057240705456 20.583710710556282
33.57135448463739 34.723365933841286 23.57135448463739
49.73037584438896 76.98331303569698 39.73037584438896
37.42268992728684 36.86709998069093 27.42268992728684
-4.525188279391415 58.14719237754609 14.525188279391415
49.39645067640981 62.30442976918123 39.39645067640981
41.270768937517545 48.310356549870505 31.270768937517545
24.95143630194748 34.790111398945236 14.951436301947481
9.85586894558358 54.41458669513981 0.1441310544164196
33.97566206009019 46.78266583884533 23.975662060090187
25.79727828262292 74.54681147719626 15.79727828262292
-4.254065051170137 40.15826598079279 14.254065051170137
23.81075750362546 41.18894657622659 13.81075750362546
-8.788184207119265 59.85962725061644 18.788184207119265
37.32179884410289 52.19949945920969 27.321798844102887
39.415145337482315 44.348981565031565 29.415145337482315
33.806930323879065 37.01708026914626 23.806930323879065
-4.511295192344001 71.99062920813923 14.511295192344
25.285623164613796 34.77742021868435 15.285623164613796
13.483734001122741 75.1982692586214 3.483734001122741
-2.2964168613400027 77.02214066582673 12.296416861340003
43.52542664517523 36.51261254322985 33.52542664517523
46.53764721469527 76.23184788519475 36.53764721469527
45.33702147503936 43.28551220730894 35.33702147503936
21.873069684983417 69.62348687513736 11.873069684983417
41.86570937090871 46.23308553142261 31.86570937090871
1.870172892983275 52.279716278267976 8.129827107016725
7.72903643194406 65.52463625968703 2.27096356805594
44.522674463854905 57.311968095615825 34.522674463854905
25.42243821226606 67.72934827593826 15.422438212266059
3.5609484330883454 49.81541477572849 6.439051566911655
-2.194153125914708 33.11530611984851 12.194153125914708
3.6987152358349675 47.17304231047733 6.3012847641650325
19.760412926292624 74.23175090857924 9.760412926292624
8.209345852703741 70.1164357851801 1.7906541472962587
34.06530452499264 76.30911142658039 24.06530452499264
6.278660537795606 59.459568159247624 3.7213394622043943
-5.29374369843983 46.41052926537098 15.29374369843983
43.89275886569084 54.085718247303774 33.89275886569084
29.83035835934686 54.65951938068039 19.83035835934686
48.443857410069704 42.25057705626477 38.443857410069704
0.9198250765539289 73.56336806511408 9.080174923446071
42.22325351333097 32.95353507431936 32.22325351333097
-8.968267134674488 46.57845607735932 18.968267134674488
22.269327934901654 78.90716675288704 12.269327934901654
18.784546112166236 58.01719467195983 8.784546112166236
-2.4282165965318185 77.19132984362541 12.428216596531819
38.90712279437353 30.310794559064547 28.907122794373528
6.251115984423407 70.58230914934158 3.748884015576593
43.906049156293314 61.27619332063692 33.906049156293314
31.964806743539263 72.82028121547344 21.964806743539263
41.14163310434949 66.73062904097463 31.141633104349488
41.98885781136248 79.99315312778913 31.98885781136248
37.506978779640775 46.887296617075094 27.506978779640775
34.18930108274842 67.19974028101973 24.189301082748422
-9.755768823215899 72.2309513650687 19.7557688232159
-1.3941995096599076 64.66417978242299 11.394199509659908
2.4279223711794717 69.56335536746738 7.572077628820528
24.64894488846455 70.95813333068747 14.648944888464548
-9.79752298376078 43.58924227514045 19.79752298376078
-2.370608383950266 44.16164637697555 12.370608383950266
19.098002406307 50.22383580307017 9.098002406307
-7.536143584555017 31.18872180916615 17.536143584555017
9.124783254971412 75.25250287936302 0.8752167450285882
3.19930061838461 70.55348601612931 6.80069938161539
0.46442320494013245 36.5912551458209 9.535576795059868
8.996338843180226 70.93053538373874 1.0036611568197742
42.87300606485716 46.47795747884577 32.87300606485716
3.8865595790541025 60.34063918722755 6.1134404209458975
28.94952951550708 54.459887966706496 18.94952951550708
34.03989088923112 52.23428488035408 24.039890889231117
30.516835022341823 60.45057480210136 20.516835022341823
1.324727729134171 75.36856604934596 8.675272270865829
10.98804346776464 50.70520773809518 0.9880434677646406
6.32942230371772 31.333051286158128 3.6705776962822796
22.318779791280235 72.56903498560254 12.318779791280235
48.14210949065854 77.59503438235156 38.14210949065854
3.0723546232604626 70.35884060399098 6.927645376739537
23.142241564005225 37.833630620783566 13.142241564005225
-6.071401905178684 51.05894754253572 16.071401905178682
12.534030130712022 67.84411941167943 2.534030130712022
47.25037705451104 73.18055229366632 37.25037705451104
44.50863867329134 73.49313483201938 34.50863867329134
-4.287631727647203 76.18183096282195 14.287631727647202
41.151552560245705 62.08068824508538 31.151552560245705
32.942383529355446 36.93320889299175 22.942383529355446
45.07540743735673 51.007892422897996 35.07540743735673
17.648927633843037 77.97478554382195 7.648927633843037
15.353300539373322 36.61128896917294 5.353300539373322
43.76917827139412 76.64745575249468 33.76917827139412
22.169438687748517 47.978906625127195 12.169438687748517
35.682049896402845 59.54395941217305 25.682049896402845
0.6585263039461502 70.67262861223193 9.34147369605385
-5.8939996666935635 34.64595602538543 15.893999666693563
16.429629761382696 35.61799004756789 6.429629761382696
9.623091836050534 53.91838766253935 0.3769081639494658
20.712407254247168 75.21620002299859 10.712407254247168
10.659400150084558 78.51378829974345 0.6594001500845579
41.75528081805391 62.71514622221226 31.75528081805391
34.136296386390484 39.57410262067196 24.136296386390484
13.037411667217782 69.67107864360189 3.037411667217782
-2.4480117385562465 48.811002124030594 12.448011738556247
32.59067433138831 43.215524835528974 22.590674331388307
22.46513317640064 59.49556531484384 12.465133176400641
-0.8832830238059497 52.14626591973002 10.88328302380595
-7.912914914462547 55.95955720154062 17.912914914462547
27.002010990831053 78.52227343207673 17.002010990831053
20.974876922999076 31.918861758534053 10.974876922999076
24.527316684395664 73.677545504933 14.527316684395664
14.951672796965191 51.67451192141299 4.951672796965191
18.122710378518704 72.28675075725874 8.122710378518704
13.485572780583656 73.80376516169201 3.485572780583656
-4.73647903014583 66.84273352659105 14.73647903014583
22.118307382813548 53.68785329716272 12.118307382813548
-2.7037461817032638 56.086905904035405 12.703746181703263
30.40931722517228 59.80392825965221 20.40931722517228
34.965090447715134 49.77574154395282 24.965090447715134
0.07574231875610593 65.67707195879618 9.924257681243894
2.0907018630249734 72.73760274483533 7.909298136975027
4.442667407603857 46.84732705890112 5.557332592396143
25.91060714929489 77.72523230717852 15.91060714929489
14.389555038360985 58.13603592995163 4.389555038360985
43.25181819285326 44.68175716728585 33.25181819285326
22.878030037560876 38.13695869485367 12.878030037560876
21.538176327367932 66.31695349384759 11.538176327367932
3.1096333973644406 44.05437558878363 6.8903666026355594
-4.54856476569252 70.44422543427677 14.54856476569252
45.482599374329226 77.34756205930451 35.482599374329226
-4.021660754142573 47.624898901589965 14.021660754142573
-2.1864986700737816 48.8991200753855 12.186498670073782
1.7185016946063527 45.08999273611976 8.281498305393647
24.609582060483703 42.78331567001782 14.609582060483703
28.342006484128902 79.93312307554143 18.342006484128902
15.898190111260313 71.38555383968881 5.898190111260313
13.693855195370123 73.25416960035655 3.693855195370123
28.461637160011968 31.384645203893726 18.461637160011968
5.725667032296137 77.6195774623769 4.274332967703863
38.02702686399453 71.19349311204854 28.02702686399453
28.402983828023856 71.16349935003025 18.402983828023856
26.171757484382155 76.33071064588779 16.171757484382155
-8.267403684202364 50.58583314654359 18.267403684202364
10.722457608707245 33.843590496703435 0.722457608707245
36.131587678970945 58.47232231869057 26.131587678970945
2.3544584372887627 56.78462492950136 7.645541562711237
28.669650570153316 40.79655078203025 18.669650570153316
48.48318317425124 67.1197024184093 38.48318317425124
16.432428754229512 79.25912974696337 6.432428754229512
21.07683569883114 65.81359409085911 11.07683569883114
2.7224079485268504 69.70712874015132 7.27759205147315
-9.578994150452939 68.6368435507811 19.57899415045294
4.196067953292102 70.52529666429444 5.803932046707898
18.31039790425091 37.979822816673234 8.310397904250909
26.256282154946774 60.279759164281295 16.256282154946774
40.155765704344184 60.41588367832823 30.155765704344184
7.401131119809833 73.70162858028479 2.5988688801901674
9.742666663831855 51.89505203670156 0.2573333361681449
33.23891830609718 43.00854541875576 23.238918306097183
29.85687579092643 56.83108451250132 19.85687579092643
32.871349884924186 54.68002329515916 22.871349884924186
42.63708576747276 30.84136040836707 32.63708576747276
-4.679121547513008 32.43880584620881 14.679121547513008
-2.530817317980272 39.40531982903845 12.530817317980272
19.780551658825086 54.628582505386774 9.780551658825086
26.756275573981426 62.92717009755846 16.756275573981426
29.24429107681997 56.04916032064808 19.24429107681997
3.8058496391233625 58.74420201056976 6.1941503608766375
-1.8342411178241527 79.59997779425548 11.834241117824153
45.28615171292098 34.38216483233255 35.28615171292098
4.40425136247498 48.63506840389254 5.59574863752502
-8.930305770820269 57.26834968019422 18.93030577082027
6.974752311696243 69.53263983161057 3.0252476883037573
21.03199549522328 74.18568051875022 11.031995495223281
28.00124155141023 61.011995425226516 18.00124155141023
34.35254142157706 62.778468098417676 24.352541421577058
-1.2646741647622726 74.71759853756114 11.264674164762273
20.472569609344607 69.59945895753197 10.472569609344607
9.211648710135087 59.03853964201825 0.788351289864913
33.481010977440114 30.60900545639033 23.481010977440114
11.569653855415819 50.630435032413025 1.5696538554158188
38.668602037807034 33.544295329124225 28.668602037807034
1.4971777201724183 78.14887616036728 8.502822279827582
49.682120365735926 71.33170573656636 39.682120365735926
21.286377920501025 47.29862422522375 11.286377920501025
15.430707924526384 35.02237651511762 5.430707924526384
33.539432467956956 58.20431930910446 23.539432467956956
12.73071977261958 47.60540866790468 2.7307197726195795
-7.87127145705062 66.16327643934585 17.871271457050618
16.452585493223108 71.86484874856171 6.452585493223108
7.267647965006361 59.84889481555866 2.7323520349936388
29.67269844788119 70.91590881365453 19.67269844788119
21.60287433327577 30.42372511028162 11.602874333275771
39.805887163741914 41.672932215356916 29.805887163741914
19.35674742605827 51.532592017305596 9.35674742605827
-0.6792465215598256 53.251225536279804 10.679246521559826
-1.08374005130913 70.63696973183053 11.08374005130913
24.35738955261924 38.77523485198351 14.357389552619239
5.892439219830381 58.644608875478355 4.107560780169619
2.6959570274237894 56.89632515145382 7.304042972576211
46.50696284671588 62.39451005178339 36.50696284671588
-1.6422244423132693 30.684586789026664 11.64222444231327
44.96422939699662 32.186526282729375 34.96422939699662
22.173652093328563 34.54463590955875 12.173652093328563
46.21449165618736 49.66971732067513 36.21449165618736
40.34198494478192 59.88757572146355 30.34198494478192
7.9326977208499265 66.70034044231534 2.0673022791500735
18.21179877500146 62.5453983798613 8.211798775001458
-4.883019917104409 35.37559987225114 14.88301991710441
12.000281057083647 73.29133743080945 2.0002810570836473
45.60363684528612 49.72539961538408 35.60363684528612
-3.940019237574335 70.81793177238976 13.940019237574335
4.738234514187978 38.557972625735445 5.261765485812022
-7.436414794575517 49.01458577301369 17.436414794575516
41.649695803512174 63.5217614914652 31.649695803512174
31.015255214589878 61.50439389793806 21.015255214589878
25.36071304363025 55.93952499366963 15.360713043630248
17.939169774122913 76.15692776213815 7.939169774122913
5.602614911105601 70.57793854038124 4.397385088894399
25.150612111474203 59.79263039159082 15.150612111474203
32.16293479315537 63.883262810203114 22.162934793155372
37.57997902171462 50.75996231006331 27.57997902171462
-0.25154878008834025 55.645091747567605 10.25154878008834
27.518214935946027 61.51290157723929 17.518214935946027
30.729547659666856 71.87040359832606 20.729547659666856
24.870425290525795 39.9988983341656 14.870425290525795
33.66525267645109 52.886204618192565 23.66525267645109
21.067018133338607 39.20203759070767 11.067018133338607
47.27840386182091 39.86000679893803 37.27840386182091
29.011122107561327 31.783989816915042 19.011122107561327
27.682860602374987 35.95909554275207 17.682860602374987
-9.210534143533991 67.867519007453 19.21053414353399
-1.3874926982956577 46.49756384376467 11.387492698295658
26.064292047089246 45.23753024425361 16.064292047089246
36.01469928256968 37.19419389236657 26.01469928256968
-1.344512910767273 58.81908927879053 11.344512910767273
28.209714727764485 50.75428898472682 18.209714727764485
-0.7392174683964257 32.763241881596194 10.739217468396426
35.79224265097929 49.12933096203869 25.79224265097929
39.27231353165517 70.38043659571981 29.272313531655172
27.236839165082152 67.83863394292077 17.236839165082152
-5.9251661126587045 78.73695850098962 15.925166112658705
6.766306204554404 72.87378486911774 3.233693795445596
6.171877513658789 54.88452686455365 3.8281224863412113
18.07001229101217 69.6188044473503 8.07001229101217
36.80390816538275 69.26944442911977 26.80390816538275
24.699069896272277 50.50127936963967 14.699069896272277
49.517366904692565 49.357451844489994 39.517366904692565
32.494828883442985 58.004750099716695 22.494828883442985
-1.5184559699118232 52.128085376192644 11.518455969911823
48.74774878539567 61.146919983901135 38.74774878539567
-6.483233117891379 70.68863032856785 16.48323311789138
9.971432054313517 75.9484715186083 0.028567945686482688
28.235076550153096 62.16632143290136 18.235076550153096
13.429193156467704 56.24039434929154 3.4291931564677043
-8.669650263863335 40.791235608240164 18.669650263863335
7.789075219440257 49.9788397126777 2.2109247805597434
4.512001221909481 41.21232158383964 5.487998778090519
36.56894210985881 66.44234205716897 26.56894210985881
25.553236031906593 57.01455023550952 15.553236031906593
-1.360246130291893 37.664242714536755 11.360246130291893
42.356343354086405 38.261028417696146 32.356343354086405
2.7799134491293476 31.40868847040047 7.220086550870652
9.180701065398395 35.689486537576975 0.8192989346016049
42.48340383649534 60.95841741685969 32.48340383649534
35.91298159233364 61.882136686065195 25.912981592333637
15.249865313577981 56.41329043323938 5.249865313577981
21.15630457448219 69.47177461523623 11.156304574482188
48.75014117174001 57.32443415228687 38.75014117174001
32.64838144118551 42.82065213218345 22.648381441185514
32.94374908632743 68.27760025434108 22.94374908632743
29.346930474016872 48.32162258688865 19.346930474016872
49.29430829952911 32.224422065569364 39.29430829952911
45.440535783961366 40.80832284513887 35.440535783961366
7.894361955644193 52.23741884047587 2.105638044355807
16.709477446546906 60.65578053521163 6.709477446546906
28.141166986381364 68.97557050613955 18.141166986381364
4.214025050774762 73.07272655364832 5.785974949225238
28.83703705451942 68.71442975847826 18.83703705451942
44.196371484533785 67.57293345375923 34.196371484533785
8.376541324563988 59.46723709488558 1.6234586754360123
12.075352286528634 39.65998446093 2.0753522865286342
16.996378314314924 63.30710347929163 6.996378314314924
13.179061099604933 64.71903012668909 3.179061099604933
28.599345138952273 43.40471747967466 18.599345138952273
-6.881847248281263 48.55514378516112 16.88184724828126
36.60416473654853 44.69141396065541 26.604164736548533
7.120537240978617 79.7825306895609 2.879462759021383
27.320365207775637 64.85584672829305 17.320365207775637
15.432097674104615 47.958613218616016 5.4320976741046145
26.677345414290194 39.73802168542961 16.677345414290194
24.13692194682038 47.027196002230305 14.13692194682038
21.05347075819487 42.059056751165 11.05347075819487
-0.3806105982708985 71.53901532264767 10.380610598270898
-9.548635065501223 39.40077516624731 19.548635065501223
-3.5813943267899084 48.92264117363062 13.581394326789908
13.093603569845271 56.74662358460321 3.0936035698452713
5.425849049317666 42.57187190085608 4.574150950682334
19.087821340655577 38.44428053878943 9.087821340655577
18.2498819819417 78.06904842940706 8.249881981941702
20.923300119113158 75.18361664961039 10.923300119113158
-2.0374179145648323 31.34320552546432 12.037417914564832
19.844526768385894 56.67896325478231 9.844526768385894
47.029208037335486 32.186597337816984 37.029208037335486
0.3192420425936966 51.68612319414275 9.680757957406303
-9.067398067825165 35.47602670414001 19.067398067825167
10.333301839998654 70.22617217496057 0.33330183999865426
32.50996218932926 40.04967000752097 22.509962189329258
41.64504981675044 45.03020068126622 31.645049816750443
-3.4439231496079596 34.29090034172544 13.44392314960796
-8.127834452952296 78.41097634456312 18.127834452952296
8.60820471760595 55.006205951946356 1.3917952823940496
27.322068387525334 51.1095577754447 17.322068387525334
45.224410977604286 57.642607447848405 35.224410977604286
9.825412218408683 38.97340146727977 0.17458778159131683
36.76173788217664 69.87524178695283 26.76173788217664
-2.3489983549171196 44.35573277311737 12.34899835491712
28.458353336420167 72.3463228338292 18.458353336420167
4.997811030219591 66.95876812890384 5.002188969780409
35.67069652126162 44.73472311123064 25.67069652126162
44.72755199926146 54.301934204811076 34.72755199926146
16.484397429421346 44.72344631221011 6.484397429421346
31.233101116645003 77.00984616445052 21.233101116645003
11.242256504753655 72.44874750163856 1.2422565047536551
40.94435338811306 56.94951615492401 30.944353388113058
14.608024670763633 64.48688359578917 4.608024670763633
25.04467194031222 33.884348823726455 15.04467194031222
49.18726835599409 70.03665230897737 39.18726835599409
23.458231449482945 47.91483738514731 13.458231449482945
17.169814913430066 43.428229067822805 7.169814913430066
-4.236385219296944 46.385453540237634 14.236385219296944
46.9772482530875 74.46011297259409 36.9772482530875
21.49398275855291 35.16482025072773 11.49398275855291
32.04747902732631 79.32528255151847 22.04747902732631
29.27493101954701 53.178997567712535 19.27493101954701
4.246612814056883 61.369459014848076 5.753387185943117
28.2242405656677 55.33223522069781 18.2242405656677
-4.202272256378734 33.13491409046633 14.202272256378734
-6.562695648381518 68.2867416221302 16.562695648381517
40.45479921832555 50.05244633847075 30.454799218325547
26.046922730096455 54.10586711723099 16.046922730096455
8.082354491305683 71.07632436219308 1.9176455086943172
21.61037554938626 45.57867694054497 11.610375549386259
23.474148959868977 37.04799491294019 13.474148959868977
30.666696133037163 32.28121184210157 20.666696133037163
-9.991943105114732 64.49838973580941 19.991943105114732
-1.3330978148334687 33.31675278529017 11.333097814833469
-4.409810003949717 59.67231950816185 14.409810003949717
35.185162874044735 33.40710459756933 25.185162874044735
17.140082946516703 35.6453104573845 7.140082946516703
1.9037961554949785 49.69470539363638 8.096203844505022
12.46916348406543 44.593865955535975 2.4691634840654295
30.16727562464719 35.36203698267537 20.16727562464719
17.67344441780191 77.09353954603773 7.67344441780191
22.751542853358686 77.32360079268912 12.751542853358686
46.25199621158486 78.133317863682 36.25199621158486
14.019391841376198 79.02115670636107 4.019391841376198
-3.8047645964913173 75.47653869954104 13.804764596491317
-3.5716930048331674 58.30170245805323 13.571693004833168
33.483041468735564 50.21332866929127 23.483041468735564
8.748174553263063 67.09116742476803 1.2518254467369374
-3.0977166439501502 56.188413563287995 13.09771664395015
36.690869615035545 41.366564365898725 26.690869615035545
43.32917411291163 68.7855933030691 33.32917411291163
-3.8585895844884543 38.152741437199936 13.858589584488454
26.990830133269498 62.58930672272753 16.990830133269498
34.42930149775415 77.48832028980064 24.429301497754153
4.750078881256988 56.76502749519557 5.249921118743012
40.20013277736172 37.27075684664878 30.200132777361723
31.04074485505405 47.91673916779365 21.04074485505405
16.674187853443946 55.538151057886935 6.6741878534439465
-0.05706259671997671 51.60410425715271 10.057062596719977
5.469967233047191 37.45460053212992 4.530032766952809
39.768089515393754 59.90901865021826 29.768089515393754
0.0684696912126661 74.00062791515273 9.931530308787334
32.2780007861906 78.58416629644383 22.278000786190603
24.25655485417839 39.069128245417936 14.25655485417839
23.643079718282742 62.91542376106257 13.643079718282742
-9.0200996574252 31.088195791373575 19.0200996574252
-2.6379227189223275 37.490973212888285 12.637922718922328
8.588274009316127 55.668972847798486 1.4117259906838733
27.819754526851867 60.32104406190588 17.819754526851867
12.886125091609454 42.39385459653699 2.886125091609454
5.3895111635135 66.7361369524213 4.6104888364865
13.030449403611005 74.60256828439255 3.030449403611005
17.786945392995644 78.50359220933558 7.786945392995644
25.67499123722859 35.19634102888756 15.67499123722859
23.584847377363033 64.16694122460397 13.584847377363033
12.081081056552815 56.149512684056205 2.081081056552815
15.52773638358611 64.90398262527171 5.5277363835861095
38.37435484306593 76.67064416910833 28.37435484306593
25.34091938477495 44.32296497193899 15.34091938477495
48.229081756007695 74.06561054894576 38.229081756007695
26.14842291192972 34.53049362032671 16.14842291192972
6.9974376321492535 32.066448567022235 3.0025623678507465
20.78693478428162 76.25431351512123 10.78693478428162
18.374109996356882 42.946467292387446 8.374109996356882
41.17556531578604 65.53240833433762 31.175565315786038
34.24997276107527 40.98827272322677 24.24997276107527
42.835266177904884 59.414479026228996 32.835266177904884
33.0697612034195 47.014265902472516 23.069761203419503
5.19654751327044 66.14994614673206 4.80345248672956
6.368918020457773 67.2405021268427 3.631081979542227
-0.1714955926662558 75.11676917463379 10.171495592666256
42.742520968127565 70.16861834708278 32.742520968127565
44.00496846241085 52.50801689884579 34.00496846241085
9.413863111739825 36.3656572394981 0.5861368882601745
-8.606581521489883 63.56955762835301 18.606581521489883
18.456054160847977 51.96248283030476 8.456054160847977
37.302767161210284 65.44020998515586 27.302767161210284
32.17739222332081 79.40965837345816 22.17739222332081
30.53622316443696 46.73865812056747 20.53622316443696
-8.739107855163306 52.18373381267718 18.739107855163304
-3.8850625786402437 47.1633775281164 13.885062578640245
33.75295453558615 46.0646381371199 23.75295453558615
39.11306868548634 42.12510571466254 29.11306868548634
0.9330519427665038 47.643357340516715 9.066948057233496
38.982809657755446 48.10155584558959 28.982809657755446
47.07682476938417 47.92127933720013 37.07682476938417
26.098082362907398 77.39583422172689 16.098082362907398
23.103209942383835 48.759852722787755 13.103209942383835
-8.024658788050269 30.870960725026283 18.024658788050267
14.83658174815844 78.24234717654892 4.836581748158441
18.019723650245798 59.05144152732385 8.019723650245798
47.20724502673141 45.410052016563455 37.20724502673141
16.451671436907652 69.68839407073163 6.451671436907652
-9.285341860027192 31.100503483822095 19.28534186002719
24.02600655139834 72.73041519680277 14.02600655139834
-5.912746418854282 35.94089340949616 15.912746418854283
49.52117568173628 31.20990590530412 39.52117568173628
29.581549802908313 37.168773223729794 19.581549802908313
33.14536713913619 71.76073414274909 23.14536713913619
31.609231235886284 32.536577975903896 21.609231235886284
46.459767321027996 75.68921795350607 36.459767321027996
14.296838468360264 44.59123826169325 4.296838468360264
6.736432704863962 39.84962461658547 3.2635672951360384
-5.277117001381544 62.75196938271143 15.277117001381544
-8.630737865915686 42.12116665998629 18.630737865915684
18.630530558872852 58.26183366881976 8.630530558872852
34.622103725104026 68.19502451383048 24.622103725104026
34.35447182416027 63.38435680901114 24.35447182416027
-9.827503473602142 45.86916843215211 19.827503473602142
26.99959961853856 61.66640128796548 16.99959961853856
39.90693052018538 61.44042614350171 29.906930520185377
42.01698283295046 31.03681760466158 32.01698283295046
36.1774910100907 53.04196144455297 26.177491010090698
15.132844946776597 61.63625893797948 5.132844946776597
32.23745816074049 49.07903895296604 22.237458160740488
32.09201080361781 38.021400021493044 22.09201080361781
-6.147793539267528 75.63183540586573 16.14779353926753
-7.666695824530459 30.543299376160792 17.666695824530457
10.76795654546408 73.26375462212691 0.7679565454640809
28.60134426318686 38.33513236487904 18.60134426318686
12.857978246330056 79.5693518518542 2.857978246330056
28.699383152527588 75.53430678310772 18.699383152527588
35.69076477306022 34.59152734645071 25.690764773060224
36.2826557005376 68.38202955361422 26.282655700537603
6.990999498086836 63.39065321699969 3.009000501913164
48.30423030281464 73.23203944644747 38.30423030281464
23.227676451500784 54.81955299353917 13.227676451500784
27.674215034360813 45.60471600510172 17.674215034360813
28.112512508868555 69.53916593437677 18.112512508868555
30.400770821473003 66.82045402178723 20.400770821473003
-0.7595242265975095 56.819140953385286 10.75952422659751
30.47478831910967 79.27013205531874 20.47478831910967
15.892248266014015 68.47373973528232 5.892248266014015
48.121380088427294 54.85704086251184 38.121380088427294
32.849010491097964 76.29046418395791 22.849010491097964
48.43940804637876 55.29098757643449 38.43940804637876
49.46360950199681 72.1554378329226 39.46360950199681
40.039999918579014 32.49764071545663 30.039999918579014
25.17158629973754 36.49544028232183 15.171586299737541
26.040557459880148 40.64704096429131 16.040557459880148
18.18111339852164 41.60545688055968 8.181113398521639
12.180473493362047 37.021514365652116 2.1804734933620473
15.124443091998863 32.07666888850609 5.124443091998863
44.80956416687838 57.98097472322699 34.80956416687838
28.778290199819814 59.49854017700557 18.778290199819814
0.1956336259812268 66.32648840683592 9.804366374018773
-7.764361161978943 60.742774320278855 17.764361161978943
16.34907050071924 52.657837961025194 6.34907050071924
16.451975841982417 52.495594395500504 6.451975841982417
-6.050516658254088 30.70316446423828 16.05051665825409
3.6054283336837685 60.819969163261916 6.3945716663162315
9.88403136925638 61.79554921540165 0.11596863074361963
12.603973160998695 61.286752552542794 2.603973160998695
27.494224014367553 78.08491145028857 17.494224014367553
-0.6405303554012747 65.16379986782614 10.640530355401275
39.307223956695346 40.53664055717488 29.307223956695346
19.826677833757262 60.530775822508865 9.826677833757262
-5.852477948781689 57.69621174555303 15.85247794878169
-4.024790595246874 63.640302494863064 14.024790595246873
46.590415062283554 59.74131499294432 36.590415062283554
-8.080886947139271 67.87182198848282 18.08088694713927
28.93898903859386 52.90139703849348 18.93898903859386
0.7392247065506492 58.34303947068014 9.26077529344935
29.25231286295795 76.28247521544097 19.25231286295795
49.25561945675897 43.19552717979998 39.25561945675897
45.09224489885819 63.12419589890103 35.09224489885819
16.23538807414905 66.89727489686452 6.23538807414905
15.890210798165661 71.05862651541858 5.890210798165661
7.366391150736074 58.665532434235665 2.6336088492639256
16.42484038092786 78.7094257979428 6.424840380927861
47.475422411261555 78.14640197758722 37.475422411261555
-7.728420126708873 55.68626860797568 17.728420126708873
18.73012251757776 52.61065522085001 8.730122517577762
43.74355117805337 35.162623493431894 33.74355117805337
-3.6033326412916438 59.35821369895031 13.603332641291644
-2.996758308887628 45.55222620170251 12.996758308887628
38.88625162825526 64.39996468880635 28.88625162825526
6.969573229721661 65.81081607778415 3.030426770278339
37.876163708535664 73.30127512696673 27.876163708535664
8.108430083626736 67.15499751523987 1.891569916373264
-8.061609751295775 70.46991806791436 18.061609751295777
39.19004333043067 72.05492659108106 29.19004333043067
9.909173739005041 79.7935674022673 0.09082626099495883
17.678333998239243 46.45395824042245 7.678333998239243
-6.408898637339044 59.44235023314368 16.408898637339043
29.04997782905943 57.861824332327465 19.04997782905943
39.73717240708039 58.543765721147125 29.737172407080386
3.1853581652177514 63.38878564723382 6.814641834782249
45.99238073294511 76.84627537817198 35.99238073294511
28.015704442274057 30.914575538814145 18.015704442274057
22.89184909797703 45.506302099204184 12.89184909797703
2.3510639567447846 53.12965322664752 7.648936043255215
42.56410571994329 55.84125647915373 32.56410571994329
15.436942893464089 75.34398131816499 5.436942893464089
-7.440297844499419 54.98211366711769 17.44029784449942
45.54670695577681 41.82593378213973 35.54670695577681
12.130848917546459 72.86353398485404 2.1308489175464587
7.675399471297599 55.735174231746186 2.324600528702401
-6.519987135601324 69.21502043374497 16.519987135601326
-8.014253992707726 43.20524223178731 18.014253992707726
-7.413769294693793 77.24808586547645 17.413769294693793
42.497650650424376 50.06913297005481 32.497650650424376
42.072808669168104 52.342682222895775 32.072808669168104
18.18391814054478 53.837911079380696 8.18391814054478
-5.125151461880142 46.54918380636563 15.125151461880142
-1.6448219030116107 67.9290028879948 11.64482190301161
46.85135919266905 58.81145133666354 36.85135919266905
23.642671466599026 60.174515746993976 13.642671466599026
37.735501871238974 60.04765427649561 27.735501871238974
-5.390080790670075 44.72040530544972 15.390080790670076
-6.080854710552259 47.086123188388164 16.08085471055226
36.62759199486946 34.55847015737299 26.627591994869462
-3.051471470996283 49.249851799146654 13.051471470996283
39.24208705132258 43.11301619329827 29.242087051322578
46.06695956911 47.43368405042236 36.06695956911
15.969863867894375 61.23661872623106 5.969863867894375
-3.0921483903019737 64.24991255531515 13.092148390301974
33.057333615242854 67.42462015383904 23.057333615242854
16.74117013239747 41.07524808854557 6.741170132397471
20.084676322548624 39.15321467488073 10.084676322548624
43.27919744017122 78.40840676961069 33.27919744017122
22.39137981915688 53.32371110434076 12.391379819156882
-1.7081989995964886 53.78780472799602 11.708198999596489
12.350681303382867 34.15170003821274 2.350681303382867
40.979688356280626 64.3535661687551 30.979688356280626
20.68675106614894 38.62371867626237 10.68675106614894
-5.155183690848453 32.61086179895712 15.155183690848453
20.392608325882065 42.548875570360316 10.392608325882065
-7.894293935409092 78.30757523403628 17.89429393540909
42.75840918110744 46.621871799220834 32.75840918110744
4.886890840944471 32.851202854474224 5.113109159055529
33.75068550908003 63.51474938586831 23.75068550908003
49.67857631063763 38.701097954501705 39.67857631063763
43.78188596893742 44.236554459987246 33.78188596893742
21.71774875294019 53.80612680476745 11.717748752940189
9.44883282260301 57.029719764101586 0.5511671773969908
31.924860137043694 45.14200505585431 21.924860137043694
22.79667916553801 76.23846645285673 12.79667916553801
44.52813281419057 67.89191045623176 34.52813281419057
4.53051756292038 61.34034809464653 5.46948243707962
31.60730872670385 33.75531501522654 21.60730872670385
-0.8508770443720017 70.90128404984023 10.850877044372002
14.305530719376574 71.4583128019467 4.3055307193765735
36.643438622354005 70.41912684173957 26.643438622354005
11.86099666439953 71.55287057993539 1.8609966643995293
7.017457906475322 38.68966928083014 2.9825420935246783
11.174137371214709 74.94751602989604 1.1741373712147087
12.419244060351925 44.72910146959284 2.419244060351925
-9.521372317714018 43.2214864682866 19.521372317714018
-1.4126175979656548 30.091382654568694 11.412617597965655
34.43457455105692 37.88818830399461 24.43457455105692
31.567235235641313 47.379194858198986 21.567235235641313
29.14894338096404 41.66582186278557 19.14894338096404
-1.7887893976799756 73.70676191181269 11.788789397679976
-3.05007644216575 32.38327621669858 13.05007644216575
19.373122037047775 52.258784171956 9.373122037047775
19.034251272667827 48.942993375127344 9.034251272667827
-2.4520272274982684 73.237469568353 12.452027227498268
47.94937488172185 71.7720206218579 37.94937488172185
39.040653618656755 46.22132548148956 29.040653618656755
42.333016413820104 63.909231056528654 32.333016413820104
0.33152084834789264 52.96066059445077 9.668479151652107
29.392183282061318 42.50226021267551 19.392183282061318
38.793849086912225 64.82944413128183 28.793849086912225
9.410889685201123 53.260673918833234 0.5891103147988765
49.120806142447556 64.77773769495381 39.120806142447556
-4.295515640820804 66.89737595626863 14.295515640820804
37.59374238326595 58.09840144803776 27.593742383265948
-1.3233271394862776 43.21663152601342 11.323327139486278
5.078800762102311 36.859089828429134 4.921199237897689
1.3711087263191875 30.524544439325545 8.628891273680813
-3.055619768388982 51.15539555421522 13.055619768388983
30.253557424421757 63.029419472265204 20.253557424421757
4.577551343719065 71.33381902464454 5.422448656280935
37.95517760488061 44.24483798519802 27.95517760488061
36.16668720683968 33.411853810218865 26.166687206839683
47.44529438384044 54.08092006458908 37.44529438384044
36.48150828269065 46.92365380581218 26.481508282690648
49.401849681672736 46.71933950164416 39.401849681672736
23.439547877125605 32.36408961556101 13.439547877125605
-8.080569369594643 55.99658490645907 18.08056936959464
9.920507623956468 52.110355467842155 0.07949237604353243
13.644796773976584 65.37077755400676 3.6447967739765836
47.97894377584021 63.91377323036632 37.97894377584021
15.267790945061893 49.13096097063017 5.267790945061893
6.2102738522181085 32.13182550829951 3.7897261477818915
37.98477880324889 78.57843141196133 27.984778803248886
45.18694367793174 40.14772642982739 35.18694367793174
-7.199509705072378 66.95182543776518 17.19950970507238
48.858318299514366 58.070919679052764 38.858318299514366
33.360849356455745 31.505898244778507 23.360849356455745
49.74512323808358 66.65902448401556 39.74512323808358
28.91344744705112 78.62232555186611 18.91344744705112
-9.532914858955477 37.48464159604147 19.53291485895548
30.699489682913118 65.7673485729783 20.699489682913118
3.6038184116709733 58.602425192461396 6.396181588329027
49.307851482607305 57.03367415587946 39.307851482607305
45.925038227004585 51.67556888598541 35.925038227004585
41.64549415366715 52.33524555804453 31.64549415366715
32.51963623429226 38.59832392571996 22.519636234292257
5.203617380245644 48.034733442083876 4.796382619754356
45.59843195260227 63.77331282776643 35.59843195260227
39.35690322091474 72.45460847319465 29.356903220914738
28.035704693230365 66.80649039954835 18.035704693230365
0.25716043893526574 61.312581253851704 9.742839561064734
1.9548370860414384 41.45059741700615 8.045162913958562
24.01515719750902 30.27363041762908 14.01515719750902
25.597982588686342 72.91408541913711 15.597982588686342
14.48067737452233 68.3183232248272 4.48067737452233
38.811118018825965 77.33930792669145 28.811118018825965
30.70263536690085 36.787825374576215 20.70263536690085
5.483332725699093 78.69624547607305 4.516667274300907
-8.197351337002763 46.50520298426524 18.197351337002765
26.40725381315542 58.18957871385736 16.40725381315542
9.763877319686234 30.968477890483555 0.23612268031376615
43.39015740359024 69.72192910827395 33.39015740359024
4.052274338774183 76.74812859394731 5.947725661225817
22.91799835195298 77.31260336166378 12.917998351952981
1.875731161905751 37.74619395976774 8.124268838094249
48.00373734455136 36.97747139300835 38.00373734455136
28.57637250859993 57.38785340885941 18.57637250859993
35.18500127986155 50.37243485038769 25.185001279861552
43.45137962228345 30.93640810595709 33.45137962228345
17.232906166794013 44.41065495620727 7.232906166794013
22.804425056975177 68.93502897154771 12.804425056975177
16.97834831170066 68.21217902600084 6.97834831170066
27.144688648765104 41.8623325929752 17.144688648765104
10.085231794555508 75.96697241440249 0.08523179455550789
39.31781620382365 48.37907648653696 29.317816203823647
11.913057170971374 68.48119876062259 1.9130571709713742
36.28298049806763 47.117677661135964 26.28298049806763
-8.998074493352863 79.31540100823243 18.998074493352863
11.821096324641811 63.81064038177303 1.821096324641811
18.793658555790188 48.54783757226794 8.793658555790188
44.06309674443922 33.235727701125576 34.06309674443922
33.34197492035331 39.386158496475126 23.34197492035331
34.028256175873764 77.35696537637239 24.028256175873764
28.198669763845217 58.75785054725243 18.198669763845217
44.0449093646644 69.99075336393456 34.0449093646644
33.495183686394085 40.64000756893983 23.495183686394085
27.888478592919952 56.21848813649288 17.888478592919952
45.25136055873374 60.01441811581321 35.25136055873374
35.85171294206888 76.94952511148628 25.85171294206888
-9.11268696178032 55.279010006716334 19.11268696178032
42.11716291203439 76.19571645243104 32.11716291203439
1.2915476924067626 45.93504793267351 8.708452307593237
34.90250639364045 59.1365934757833 24.90250639364045
14.802933822982169 61.26389556402919 4.802933822982169
13.538296145982383 34.803157082371776 3.5382961459823825
-0.76875313577297 38.27478146466523 10.76875313577297
15.731865338060793 42.77068312017762 5.731865338060793
49.966636647909716 43.113436641787345 39.966636647909716
39.637431633801036 39.24614757111593 29.637431633801036
34.204485291550476 50.92959819748509 24.204485291550476
28.576242066430723 34.87013322011282 18.576242066430723
2.8805409011387795 37.485734022947 7.1194590988612205
-6.209891721130873 72.78226524257889 16.209891721130873
45.96324510497379 38.96632460361532 35.96324510497379
44.512824670314345 52.38097405829775 34.512824670314345
-9.866865291830003 34.045335342797436 19.866865291830003
44.66516270724819 69.83020498373492 34.66516270724819
34.931635045073776 43.40369838079192 24.931635045073776
-4.075280131663792 63.12360173159183 14.075280131663792
-0.7466483487374909 70.96670789586253 10.74664834873749
0.5821810951520678 50.70115691677134 9.417818904847932
5.396486157898648 40.346480905907605 4.603513842101352
44.1694299779241 37.885454811967136 34.1694299779241
15.270795369341158 52.98664822899366 5.270795369341158
22.30863126887367 59.73014057685069 12.308631268873668
15.460614036243118 62.94430367494039 5.460614036243118
17.8458379745334 59.331074171985584 7.845837974533399
5.048396708928323 42.211406888573464 4.951603291071677
8.907257135365462 30.0786801299356 1.0927428646345376
5.146964813034229 36.824024033114945 4.853035186965771
7.093845624662428 52.05437101765172 2.9061543753375716
26.47524975859443 78.44553616575574 16.47524975859443
-8.601185753966723 58.38055372561262 18.601185753966725
46.237215092548624 78.98874502432467 36.237215092548624
20.824447101635204 72.05408061005775 10.824447101635204
20.127375961689147 79.79904531997892 10.127375961689147
15.312671336048542 44.469794416746026 5.312671336048542
33.86035024648825 64.49364125703455 23.860350246488252
35.6782776445191 51.54375352080036 25.6782776445191
33.34218965601222 73.55026808028666 23.342189656012224
47.923791418175966 60.66626870232803 37.923791418175966
14.869814167415392 50.19794121924714 4.869814167415392
-4.861398509687842 77.1612023133805 14.861398509687842
37.90016142051772 72.05846598133688 27.90016142051772
32.74836949024758 54.68500234183319 22.748369490247583
-8.472983078964063 51.25895097208998 18.472983078964063
19.5692160779503 50.16363737338301 9.569216077950301
38.5864533737369 50.252286665531 28.5864533737369
46.89616361269083 45.49854806663521 36.89616361269083
10.980848468525913 38.367317491250525 0.9808484685259131
18.304992552366205 71.51850466445558 8.304992552366205
16.694267044611742 36.09289426504668 6.694267044611742
34.64545521127332 61.14491270828119 24.645455211273323
32.20725397759093 37.957978760908944 22.20725397759093
18.49414955593524 73.39242145045066 8.494149555935241
1.1010997621061858 41.39045123683982 8.898900237893814
25.228457192226344 36.287083869983555 15.228457192226344
-8.500600185767318 30.8889086372607 18.50060018576732
11.344813798478832 75.23654857934642 1.3448137984788318
8.471708490147773 69.43344830370671 1.5282915098522274
-5.998902222869642 45.68048092718004 15.998902222869642
