1000
40.665311091502886 77.33446972973981 27.33446972973981
35.477264176418146 70.91938050941995 20.919380509419952
15.234294849850698 68.93088670730549 18.93088670730549
5.5350050175778005 67.3640975401598 17.364097540159804
20.67648328211651 39.38272925847994 10.61727074152006
14.296048247024856 57.44386305513902 7.443863055139019
37.02791534208636 51.19396153044224 1.1939615304422375
8.198763564735646 77.4894023798944 27.4894023798944
18.595817249141348 38.69167690334082 11.30832309665918
25.00292236730187 38.492942177983736 11.507057822016264
44.48677311172011 62.94308768190074 12.943087681900742
20.281211349043417 37.87008947867414 12.129910521325861
6.9102706639822316 35.50268364759304 14.497316352406962
35.348252249433436 55.196159866500324 5.196159866500324
27.1021398005199 69.8330485610004 19.833048561000396
5.030380481746432 60.25228358235163 10.25228358235163
44.584775358094404 67.73769864240197 17.737698642401966
48.967128562259184 43.28792658127761 6.71207341872239
38.613034159795376 44.24814165146467 5.751858348535329
44.12995702637496 51.435182086576226 1.4351820865762264
8.608854159159957 79.54239421328566 29.54239421328566
33.78990489560772 65.89591282622544 15.895912826225441
43.93029727807961 77.31269786439492 27.31269786439492
31.039035914926473 56.8935227868204 6.893522786820398
18.3285629271628 57.72799257856984 7.72799257856984
-3.957927515898052 79.5045167737692 29.504516773769197
16.05031012722702 39.49941378294404 10.500586217055961
26.6532184066281 69.12952185857907 19.129521858579068
44.78066319427389 69.57569120142878 19.575691201428782
47.99638206624553 72.23708138090655 22.237081380906545
18.620586593163022 67.50263546084663 17.502635460846633
41.9185956662984 37.766650909427355 12.233349090572645
5.629538623517565 63.056381606083704 13.056381606083704
38.30166962078134 76.18515922931132 26.185159229311324
22.92195823013536 58.16425762479922 8.16425762479922
-9.157497990158863 48.047075519014356 1.9529244809856436
33.18228118423725 77.47600743039294 27.47600743039294
13.929412533456123 58.07993252293359 8.07993252293359
39.49069862889398 50.58181972677459 0.5818197267745902
30.08919207391105 60.70667490306384 10.706674903063842
-9.931430841134304 70.20625083157265 20.206250831572646
19.61467198791948 41.41510453068253 8.584895469317473
42.05616652956685 30.78460215114892 19.21539784885108
4.634652613227919 56.454744853657104 6.454744853657104
9.512261764843405 77.06787100379043 27.06787100379043
42.22827392651928 64.01289813015961 14.012898130159613
1.4640254901434329 61.54540000650032 11.545400006500323
24.050644437240308 61.39075737449866 11.390757374498662
4.316955716913212 54.849485613085875 4.849485613085875
48.0524150174086 66.54596348675273 16.545963486752726
38.1907681567922 42.45972200168623 7.540277998313769
16.87817428613422 74.5877131976484 24.587713197648398
-5.1732508868478755 43.72363276226133 6.276367237738668
9.203276280352746 77.2472506605367 27.247250660536693
20.476438551234434 76.32483550160451 26.32483550160451
45.9700294536144 33.8962262023764 16.103773797623603
-3.4565292441337796 52.4089850622168 2.4089850622168
23.07603476543307 67.20181424685413 17.201814246854127
32.39368459201338 52.48270357540352 2.4827035754035194
22.846454679705424 55.444951241820775 5.444951241820775
38.86801179748016 70.3411968835859 20.341196883585894
22.41701641821944 65.2496080474636 15.249608047463596
47.83031275842806 77.90021113614716 27.900211136147163
26.19113767768298 38.224299714153936 11.775700285846064
25.25702385052618 76.17796430931605 26.177964309316053
16.69934157653097 76.39931262535863 26.399312625358633
25.777211694986377 61.73744693202609 11.737446932026089
13.094068758359626 77.01954136485335 27.019541364853353
24.53906084989331 42.63427936927101 7.365720630728987
7.419770144165479 74.08936417018236 24.089364170182364
1.363479713261368 68.6739646480095 18.673964648009502
1.203771695333307 60.48444998553471 10.48444998553471
26.766390792116404 34.53146223240313 15.468537767596871
29.39956333937773 31.506717686548107 18.493282313451893
18.591859520562846 30.548474774705927 19.451525225294073
-4.610538328264379 42.527902872408816 7.472097127591184
35.456235317986206 68.11762049715908 18.11762049715908
42.60622224936648 49.331251619611656 0.6687483803883438
45.40286095677684 68.77233625776066 18.772336257760657
40.547613388410944 61.28212454657124 11.28212454657124
43.89038728147274 49.46309495609221 0.5369050439077867
45.384946389210604 74.00733143931211 24.00733143931211
22.435995496883265 31.920861967909786 18.079138032090214
13.477763014077492 53.2656495103922 3.265649510392201
32.31700399126437 71.49261696964078 21.49261696964078
6.538047278727632 36.34067414865467 13.65932585134533
38.69772251047271 65.52437807558096 15.524378075580955
40.96915791118202 46.40579209551409 3.5942079044859128
43.70233804560051 31.215063928847275 18.784936071152725
25.38807101186959 53.68624654446555 3.686246544465547
46.98589239392723 56.084636947266745 6.084636947266745
24.781700644736354 32.07931253369228 17.92068746630772
17.03378639786931 58.29596767758903 8.295967677589033
29.61472271734334 47.37169189789197 2.6283081021080292
49.77547036121436 30.22466036281485 19.77533963718515
45.01647307684736 39.53866903382827 10.46133096617173
37.59950504781345 35.540533613933746 14.459466386066254
-5.057620708201156 57.03109773662025 7.0310977366202465
26.76698630244273 32.156008152116925 17.843991847883075
19.186652118150008 76.40662850490396 26.406628504903964
27.80884042468837 72.25309861991863 22.25309861991863
40.70465454029091 77.2648821865728 27.264882186572805
4.582137323711375 45.74005163932167 4.2599483606783295
33.88935324745086 75.2633694280947 25.263369428094705
-2.971942407488921 79.21562112600175 29.21562112600175
3.227632212069711 68.23657171263233 18.236571712632326
37.67497830263456 43.75413067877918 6.245869321220823
9.952168953179328 63.54446520735768 13.544465207357682
38.95478579201957 59.783157686699 9.783157686698999
-3.9635487870342274 50.21016510822217 0.21016510822217072
-1.2184906652617684 45.304892700721325 4.695107299278675
31.860238411474327 32.99240952838652 17.007590471613483
-7.2859559280632595 36.26912373782296 13.730876262177041
24.43196220735002 36.69780780025599 13.302192199744013
44.600960881942385 54.044643232715515 4.044643232715515
22.05187809564344 62.09466923634474 12.094669236344743
30.835347953735393 68.20342262222404 18.20342262222404
-8.398192320267688 32.33568799861109 17.664312001388907
28.099994594687494 71.1879936306209 21.187993630620895
26.380305065253133 32.17356116454792 17.82643883545208
24.557176881892445 57.74734150290061 7.7473415029006105
13.472564559369612 67.20739249040054 17.207392490400537
12.20839642011125 61.5610685897114 11.561068589711397
48.83099903883612 77.48393378415011 27.48393378415011
-7.816477743310852 47.23491765564178 2.7650823443582198
-8.701809408698555 59.29416776187696 9.294167761876963
47.66187681437667 34.13995313671582 15.860046863284182
1.0983164838463004 57.98982939661494 7.989829396614937
-2.566290134534097 70.66494005381443 20.664940053814433
2.634590593198787 40.08022569127404 9.919774308725962
38.04479542125085 43.048225018359034 6.951774981640966
46.21814951867484 65.02028201098469 15.020282010984687
-8.633045459880497 42.69409834680316 7.305901653196841
15.537129918009029 42.962273701070245 7.037726298929755
-3.9099868375498144 76.77576439696507 26.775764396965073
5.595193387569919 79.92715154215573 29.927151542155727
3.249756278979042 37.7599215346099 12.240078465390098
28.81554319011935 75.00811936290002 25.00811936290002
11.017638043791937 57.636324298686944 7.636324298686944
0.8190740917812711 31.930057120525873 18.069942879474127
20.218190312593233 59.27513576185927 9.275135761859268
-7.637277574918457 62.07748253353775 12.077482533537747
-3.944725528662003 31.689784935105465 18.310215064894535
49.294108923350066 67.88459610793001 17.884596107930008
1.9613474280237781 70.89000707370926 20.890007073709256
11.51331807869611 33.582162109347806 16.417837890652194
33.89589837352163 62.41999700330894 12.419997003308943
40.29959391160498 52.82737404513831 2.8273740451383134
45.10892371971989 41.93606436709605 8.063935632903949
0.16547636584806114 52.93351908112422 2.933519081124217
30.358433814383154 37.96948548761411 12.030514512385892
47.99293418259099 46.68329533661482 3.316704663385181
-6.51694337041008 62.760364985047374 12.760364985047374
30.572107057962697 53.824277807593674 3.824277807593674
40.72547562209698 57.79600473387708 7.7960047338770835
10.538752464715039 57.172139690226516 7.1721396902265155
5.0412403571067 71.02971200558196 21.029712005581956
25.80748360816466 47.16913990768063 2.8308600923193694
16.53884202194474 70.64810453909078 20.64810453909078
0.48916906708646835 33.99935435652037 16.00064564347963
18.29752490577728 51.38665229363026 1.386652293630263
14.594323739453273 47.616005826843605 2.3839941731563954
24.14676437145681 52.57903193526245 2.5790319352624493
20.51600780375799 71.67549102681332 21.67549102681332
8.686760060012407 55.61997002439755 5.619970024397553
11.429100955415773 79.36233231474183 29.362332314741835
40.25967046213874 73.07303601375534 23.073036013755342
5.055959889328223 35.942337265651105 14.057662734348895
23.636013131211435 45.844576778083386 4.155423221916614
-9.253820870241135 31.136275076344333 18.863724923655667
34.49446264463981 66.68767106723037 16.68767106723037
10.154993268407637 30.96004021834189 19.03995978165811
-7.258210385895001 74.29692574123962 24.29692574123962
6.852989853100894 39.667143242113106 10.332856757886894
4.407824469581239 50.69181451402342 0.6918145140234202
47.187760389667936 33.1019653003074 16.8980346996926
11.133533690930445 45.56274436293781 4.4372556370621865
7.272674891384 49.475749474641646 0.5242505253583545
11.55207183522478 32.61154867725401 17.388451322745993
46.81435013947347 68.37753265889316 18.37753265889316
28.024871134955156 65.5674859762793 15.5674859762793
27.264610737120037 47.89418120622618 2.105818793773821
32.93716101808738 71.75962765770356 21.75962765770356
13.281034118750338 33.87109011718113 16.128909882818867
14.865079296634839 32.70032005038361 17.29967994961639
29.049971735800703 47.749014721863645 2.250985278136355
-9.90854668859679 75.09206660841974 25.092066608419742
1.5385724746805494 67.8233850955323 17.823385095532302
10.064101439750097 63.615883927696515 13.615883927696515
4.364957611157514 58.13678676228672 8.136786762286718
28.243964067758014 70.18827693672401 20.18827693672401
12.718884219385668 50.61133465940739 0.6113346594073903
42.52540350278103 31.534428989041242 18.465571010958758
24.08908525461151 70.12021432226501 20.120214322265014
14.864383801018658 39.5246717144866 10.475328285513399
14.136024507144775 49.38294249180434 0.6170575081956571
32.10977743602052 47.88046736132548 2.119532638674521
15.093593197547964 36.16828129671017 13.83171870328983
29.731753338429044 47.53921844860059 2.460781551399407
-7.193218842592104 38.85434389254574 11.145656107454258
16.72113138312979 60.80069150424448 10.800691504244483
5.553615406833366 62.67171788848907 12.67171788848907
-0.5388056726613488 30.682327644081138 19.317672355918862
21.65438781005688 52.82379261804958 2.8237926180495805
19.235936064141924 57.70263282433581 7.702632824335808
23.684295536865612 73.58314972178917 23.58314972178917
35.32908603552095 54.801565511723076 4.801565511723076
43.032509254922054 34.022521845242615 15.977478154757385
19.674960222517207 32.58619395480069 17.41380604519931
8.723494785012377 73.10545414758218 23.10545414758218
18.013534121151412 69.53647046674561 19.536470466745612
38.542751441621746 72.92239655758057 22.92239655758057
42.50097988881627 43.1121333792048 6.887866620795201
38.74489594182555 62.39986803973653 12.399868039736532
1.2800776430496796 34.78590236477549 15.214097635224512
49.96522156731982 71.32865558568106 21.328655585681062
27.985325595098026 46.68064682131619 3.319353178683812
-4.991976989456242 77.75736186596971 27.757361865969713
33.533261327678744 53.56912827795236 3.569128277952359
49.20928881230769 31.653384847295225 18.346615152704775
14.109009332752613 75.45279388002945 25.452793880029446
30.7109003145181 61.276607440688835 11.276607440688835
8.97062823328054 44.35406430059321 5.645935699406792
2.8114797238817673 31.840194687517922 18.159805312482078
33.03944859866223 48.83431983653122 1.1656801634687781
-9.858546116838767 37.84302798823044 12.156972011769561
39.36388463188494 57.414015567294065 7.414015567294065
21.700758611587567 37.34418375810915 12.655816241890847
-4.132939491960441 38.73071394090561 11.26928605909439
-2.86576631291525 76.0434742864129 26.043474286412902
28.955925493769215 62.006001725732176 12.006001725732176
42.41922943402054 42.12907058863104 7.870929411368962
6.798964599612354 73.94481403162348 23.94481403162348
48.710911206403885 61.235791492562925 11.235791492562925
-3.989158656177459 77.27996700400416 27.279967004004163
41.23628657584029 54.145839720435376 4.145839720435376
13.801770639854269 74.39504169890202 24.39504169890202
-5.119274993905951 63.9221903674693 13.922190367469298
6.482830605155726 32.20842779667138 17.79157220332862
17.178691089074857 42.01452450292996 7.985475497070041
37.54049187113913 44.078820246670055 5.921179753329945
41.68159421823417 38.50083416932246 11.49916583067754
-1.9947667478470557 41.90934753123006 8.090652468769939
21.25193170485193 41.30200742320021 8.697992576799791
29.046994288984237 73.91718746004543 23.917187460045426
10.823180875976089 53.144939677151456 3.1449396771514557
42.311830142635166 73.82559156618296 23.825591566182965
6.7045889129816345 36.89989417288827 13.100105827111733
-8.885540347264289 58.24592432780541 8.245924327805412
-7.560203579484346 30.673383907281178 19.326616092718822
30.859806206674598 76.51507049189937 26.515070491899365
23.501344165822815 30.28185571988675 19.71814428011325
46.79015325019976 49.495382427598194 0.5046175724018056
46.30632798409512 70.07929793445851 20.07929793445851
44.59107064430615 79.99407796147422 29.99407796147422
-7.479728081959527 30.975487018065934 19.024512981934066
34.94808940345179 71.20427419369051 21.20427419369051
32.07948905569158 55.5043979747954 5.504397974795403
29.321711880483775 31.909101026954236 18.090898973045764
32.74145915097451 68.85596354512765 18.85596354512765
44.16260903715984 35.595120628551115 14.404879371448885
28.40847198759345 60.57370936412167 10.573709364121669
12.34695577833536 68.91626080615524 18.916260806155236
22.275727023909234 63.679546336400925 13.679546336400925
2.470646221449485 48.99371623534818 1.006283764651819
25.22753028170861 31.322081841058004 18.677918158941996
-9.466175077055272 51.81319839061939 1.813198390619391
-0.9386095681607323 75.68472418428627 25.684724184286267
10.004503281791983 46.64616827339128 3.3538317266087176
37.37738953554695 42.397935957661545 7.602064042338455
33.10996536629237 36.89154169113441 13.108458308865593
10.295358201600717 55.51262275005237 5.512622750052373
27.232286498993098 56.66741363718647 6.6674136371864705
-7.527823029627443 33.65241212017746 16.34758787982254
-0.16836725946544284 50.387924300919806 0.38792430091980634
48.91484420751832 62.93407274432214 12.934072744322137
7.371851218152017 78.30253425857305 28.302534258573047
13.68751897929744 51.57705608595323 1.577056085953231
22.9090577943508 51.80176684470676 1.801766844706762
7.604420087440193 53.55669862842533 3.5566986284253304
18.68388014906126 41.25167456132819 8.748325438671813
4.382365018317433 49.74188210072171 0.25811789927828954
-7.104618262702333 62.26323629959786 12.263236299597857
0.775210942493338 49.85296045259312 0.14703954740687664
21.38301390200589 59.06878742166522 9.06878742166522
-5.748226954339151 71.77911439998772 21.77911439998772
14.19014878670561 79.89837865377785 29.898378653777854
9.711242600929214 74.25198418147338 24.251984181473375
14.883296538286544 48.58983134565504 1.4101686543449574
-4.035979705677935 31.08635671587038 18.91364328412962
44.51945326380683 60.58022997513217 10.58022997513217
18.440279068237786 53.727535410505375 3.727535410505375
40.45089995766029 41.85085560242901 8.149144397570993
48.57376745894342 32.015204955252464 17.984795044747536
10.619095619466066 46.07851194863507 3.921488051364932
18.745191149119165 69.90356564178154 19.90356564178154
31.975717469037107 78.20595034439198 28.20595034439198
15.592119412641694 35.33300695362389 14.666993046376113
8.114186973161356 73.88197058907248 23.88197058907248
34.085059473116914 32.43588356085391 17.56411643914609
43.663986692874474 65.67379094378255 15.67379094378255
45.18133066589661 31.339785668158626 18.660214331841374
27.604522808412035 51.05248411409648 1.0524841140964796
12.534280779712716 73.51154192406312 23.511541924063124
48.47363128878165 49.65540738141411 0.3445926185858923
28.3327110500284 76.22821588248712 26.22821588248712
-6.049919363361942 65.65975705559788 15.65975705559788
-4.919825852793331 60.20921403988733 10.209214039887328
34.99217430698516 38.06895240009158 11.931047599908418
-6.3306306072420355 47.02478918223048 2.975210817769522
-9.528939680124891 50.55480821393777 0.5548082139377684
13.628477106902569 59.51024320662477 9.510243206624772
21.140223722079757 79.80190801046464 29.801908010464643
16.912657135793275 44.18548739024658 5.814512609753422
19.317128265629155 55.17814454157488 5.178144541574881
25.093322119596465 76.67239538143667 26.672395381436672
30.758154042327497 47.271039688100416 2.728960311899584
15.38228441044535 61.43023936361867 11.430239363618668
12.099887380065553 68.30657693470951 18.30657693470951
49.30754348595737 61.513486250757154 11.513486250757154
5.654992126775376 67.67153399210619 17.67153399210619
36.62600927051057 39.78465001178483 10.215349988215173
15.87326147792265 77.86688434244407 27.866884342444067
11.511222920572337 38.84489034245032 11.15510965754968
-6.168523063370279 59.184058802079846 9.184058802079846
41.81473665812254 44.802130453330825 5.197869546669175
32.12024898571623 61.721151263066574 11.721151263066574
44.18064245245563 44.555520769743275 5.444479230256725
17.09670756121206 51.56066784072702 1.560667840727021
30.615258008996214 64.11112741028776 14.111127410287764
-2.8653828067686575 43.45343752770214 6.5465624722978575
13.877216096138806 66.39379412240342 16.39379412240342
2.433918405024972 47.3438836388896 2.6561163611103993
-7.4739143265602825 36.60780486103108 13.392195138968923
46.8776810753792 60.6564358461513 10.656435846151297
2.953662107921428 38.28790144295462 11.71209855704538
-1.2187306115196588 51.52887231733508 1.528872317335079
1.8782026134765335 49.9198705939648 0.0801294060351978
12.681917858857851 33.808442369809256 16.191557630190744
22.783475738906823 65.53849187010363 15.538491870103627
-0.919937891626537 64.04117825546302 14.041178255463024
49.32139333914539 68.8897502517059 18.889750251705905
48.979352632716925 57.24565704398227 7.24565704398227
-1.0958789748382092 57.6958387860286 7.695838786028602
14.35441299007693 38.461650145414545 11.538349854585455
30.795768986600137 40.37319494950456 9.626805050495442
42.65939497406571 41.41247452412639 8.587525475873612
19.724355494671325 56.26517643613968 6.265176436139683
45.02280036558891 70.94912912437397 20.949129124373968
9.347618892878366 47.84870583558762 2.151294164412377
19.90645348944502 74.09359940266259 24.09359940266259
19.918795511900534 66.79391342700998 16.793913427009983
30.204089078917647 65.82235716030942 15.822357160309423
2.1194785279672157 46.7586064652326 3.241393534767397
26.58623662500682 35.92387460267609 14.076125397323914
3.126385812329344 78.13952405532025 28.13952405532025
10.41321890306192 72.73053178120091 22.73053178120091
47.753987795280906 50.44339953862898 0.44339953862898085
43.940482281860454 73.16090951180774 23.160909511807745
39.08710285506765 74.96085575160373 24.96085575160373
-7.871904287439264 47.123681168249334 2.876318831750666
-1.0979870522842141 55.07807462235252 5.078074622352517
5.412914724314229 46.58949201298185 3.41050798701815
37.049994091349255 64.75787570498156 14.757875704981558
40.53999962464203 75.60836567585876 25.608365675858764
24.97689081477329 79.22720519445807 29.227205194458065
33.08789910660976 67.18895374070064 17.18895374070064
38.42332279850455 45.262117696753315 4.7378823032466855
-6.018452137732886 74.02466450438794 24.024664504387943
-4.921411790015792 79.6309814522291 29.630981452229094
42.13371884026271 47.326308187196055 2.673691812803945
-7.635050237318273 77.43561762246239 27.435617622462388
3.505439220589764 55.577320272534536 5.577320272534536
-7.5620784012459445 78.23177211362912 28.23177211362912
-9.082891601816392 79.79279950495757 29.79279950495757
40.63728114154447 70.64710479144483 20.647104791444832
9.835662035004816 64.17185245946754 14.171852459467544
-0.35859638423676543 37.700723464655205 12.299276535344795
-1.0708305826654296 30.245864161659792 19.754135838340208
29.365019706220217 59.773542521168054 9.773542521168054
48.11589630156242 65.22299527415268 15.22299527415268
20.2999815563407 76.77690225895051 26.776902258950514
44.0654286130403 55.85599500939769 5.855995009397688
20.145715937145653 64.8423301351377 14.8423301351377
24.43234864949295 62.36779857355009 12.36779857355009
30.714281407361547 40.24600624881158 9.753993751188418
38.30659934192822 62.21500463900401 12.215004639004007
35.470782935682955 79.086060566251 29.086060566251007
49.431953762333734 35.559247831508245 14.440752168491755
34.81792334900797 64.4271621599494 14.427162159949404
44.34684340117198 60.71525587463277 10.715255874632767
2.366289923934996 48.79273618958034 1.2072638104196614
22.124978259714858 69.66738769263813 19.66738769263813
25.91685582004814 30.52429292924646 19.47570707075354
39.54179702962123 74.62058110615854 24.62058110615854
18.932813783954966 70.86819765063501 20.86819765063501
37.462412702545734 54.03524157343569 4.035241573435691
13.314133409006853 35.406957744052484 14.593042255947516
25.183307334886976 52.631427783181714 2.6314277831817137
41.078996448864075 59.21264495576935 9.212644955769349
37.8835682662495 42.69417392706211 7.30582607293789
29.419073113168047 54.326573242279785 4.326573242279785
-9.985558208489987 68.78643819269377 18.786438192693765
0.9181353311726639 76.13658978009488 26.13658978009488
20.411467211067663 58.08225138173658 8.082251381736583
5.267563909002757 71.36208925197911 21.362089251979114
-6.062749403636154 33.89666064848005 16.10333935151995
41.5930053272877 72.81840231567327 22.818402315673268
46.57682127878979 76.04072827322105 26.04072827322105
8.16829268894202 38.40006881422606 11.59993118577394
14.484390043091647 71.37436808765364 21.374368087653636
38.60225202903722 72.4783085162994 22.478308516299407
-6.264474467726613 73.93294341628814 23.93294341628814
28.459091753747018 55.856975990869614 5.856975990869614
-2.360751224032775 60.41271219426718 10.41271219426718
7.225300399713511 40.404162272134954 9.595837727865046
39.79644119770436 65.40657746928522 15.406577469285224
-6.668377246620317 50.25086517040714 0.2508651704071383
-7.843969994188662 31.058454285352774 18.941545714647226
15.07196268777767 36.71335567521275 13.286644324787247
19.509857545775837 49.41090158050321 0.5890984194967928
41.79951098649205 74.25899030304055 24.258990303040548
33.031324780711365 58.247114663441806 8.247114663441806
30.41262851597208 75.81285170281235 25.812851702812353
-0.9175736560127934 76.47419221786548 26.47419221786548
49.202355453120994 34.33974960597499 15.660250394025013
14.668411777248881 59.41077068641344 9.410770686413443
26.706251859491594 46.726401907613706 3.273598092386294
13.200980331994145 55.339756113818424 5.339756113818424
-7.178025051289573 52.77624012496547 2.7762401249654687
18.25335254288391 53.99716363102307 3.9971636310230707
-0.9179347663098252 35.09029040809417 14.90970959190583
-8.05207225756336 71.65800418984153 21.658004189841535
27.04402542086033 54.51399808779068 4.513998087790682
27.797977473100133 62.24937781471417 12.249377814714173
-3.682430520618105 53.633937636504676 3.633937636504676
22.94862597390663 39.05091882861056 10.949081171389437
10.800078598398098 57.05002924960933 7.050029249609331
13.004844389893243 37.97698695304007 12.023013046959932
36.5851939219807 72.60896280737917 22.60896280737917
19.419180651454738 71.58020128190725 21.58020128190725
42.87659692473448 37.181938907847154 12.818061092152846
26.607184574373406 33.442197651571625 16.557802348428375
18.03130490228422 33.424595847022495 16.575404152977505
27.93875840332307 49.662201242938735 0.3377987570612646
10.271922789725146 77.65207186713158 27.652071867131582
-2.5405724483048537 57.807020802885816 7.807020802885816
30.95177712155143 43.276328698654446 6.723671301345554
27.322246564799414 41.48244135620894 8.517558643791062
37.31398948243181 35.5436597379646 14.456340262035397
-2.373452503173472 37.053560524978806 12.946439475021194
44.70699908777133 70.59316333165344 20.593163331653443
37.960472685308844 36.93167323560912 13.068326764390882
45.01324448546056 73.20307785895038 23.20307785895038
42.35208330640801 71.14990370927221 21.14990370927221
30.860386781423422 36.840440104341106 13.159559895658894
38.61505096624153 57.93623849693795 7.936238496937953
21.14043855388411 30.35276339689775 19.64723660310225
37.12934896163991 73.10180671675249 23.101806716752492
1.3476480714311023 57.913856021980706 7.913856021980706
36.92684638143765 67.7670197195272 17.767019719527198
16.67477624338044 54.51726634581292 4.517266345812921
35.3969732778419 64.52109996491839 14.521099964918392
17.328214208731268 76.5619562093027 26.561956209302707
37.37352369666699 57.97729050639292 7.977290506392919
-5.479624886886388 73.73527384550289 23.73527384550289
-7.321545674535253 47.15227211735606 2.8477278826439374
46.05737494229406 34.8766272834461 15.123372716553902
19.169906044924105 30.257232130203043 19.742767869796957
44.064283978934284 41.33251394992361 8.667486050076391
46.68699511292421 71.92934184679322 21.92934184679322
29.99066914733801 45.57477313073607 4.4252268692639305
24.307809565608473 41.23080738223048 8.76919261776952
2.9587630464085493 54.78152116941852 4.781521169418518
-4.391426842059509 77.3452061246729 27.3452061246729
39.16365290493639 55.44892241303499 5.4489224130349925
43.326324057919265 47.04358312922194 2.9564168707780567
36.76374264169314 33.87508955030353 16.124910449696472
31.9101459638975 58.68334666724994 8.683346667249943
15.206666964489244 41.31284897735928 8.68715102264072
8.318695401617383 48.374956385631904 1.6250436143680957
-3.193306261737461 49.05811833617528 0.9418816638247165
15.558214884329779 67.90921686048685 17.90921686048685
23.960778454865448 41.58144223984432 8.418557760155679
45.37283498825075 76.79461128984079 26.794611289840788
46.145286159857186 67.11940339812773 17.11940339812773
14.938471792454788 54.055977039040954 4.055977039040954
-4.047340714114258 74.02372456400443 24.023724564004425
36.4291239482866 47.958399013764634 2.041600986235366
34.05676049942695 49.216993679261385 0.7830063207386146
-8.157949242885632 36.46845654813663 13.53154345186337
16.80311594803019 68.92780472318077 18.92780472318077
31.185086257913483 50.0596326422166 0.0596326422165987
-8.191945926863804 55.012651409451095 5.012651409451095
45.156941204096825 53.54843326980155 3.5484332698015493
47.73454919062515 62.80909087855386 12.80909087855386
33.3525663253304 48.696921554267206 1.303078445732794
-5.287687620891772 75.7930663074371 25.7930663074371
-5.780232047418659 51.59611295067215 1.5961129506721505
11.555198889274216 47.96069889243676 2.03930110756324
-8.237349534580813 50.04390275751202 0.043902757512022106
10.87266363706037 68.31478607444818 18.31478607444818
-9.402145521222039 79.65282949920947 29.652829499209474
48.45941077045807 73.32573231506669 23.325732315066688
39.14040194413176 53.9863749234374 3.9863749234374026
-5.7689433113087585 44.56796717667115 5.4320328233288535
43.606105510871615 52.299352718243796 2.299352718243796
2.478682400240938 47.200777654678205 2.7992223453217946
2.287447896160998 42.17660261069305 7.8233973893069475
30.425548731730046 39.34704576792248 10.65295423207752
46.295736089752886 77.79378672618256 27.79378672618256
-2.6087127262457566 54.9652595179889 4.965259517988898
-9.568925964863773 35.498743683511506 14.501256316488494
12.14780883020154 49.19533050630646 0.8046694936935381
-8.520999133830653 49.43584586114379 0.5641541388562104
26.290894254831862 55.67672634935966 5.676726349359662
41.55053651715253 79.00206623068469 29.00206623068469
1.219502145371468 78.83167482870239 28.83167482870239
-3.2565378501889564 58.294705535657414 8.294705535657414
10.666976440316652 60.904576264565954 10.904576264565954
47.55029123643883 63.78145374331184 13.781453743311843
-2.190538334278955 55.11110913425891 5.111109134258911
47.99115562801963 54.33390290761607 4.333902907616071
11.734392196690955 45.7261969588392 4.273803041160797
18.402224165606693 64.1960869735633 14.196086973563297
7.557919157898411 34.594763916643736 15.405236083356264
46.227610652928185 45.85726231123075 4.142737688769252
47.48887369924985 74.54892797388067 24.548927973880666
28.154942390464605 41.368907548772626 8.631092451227374
1.042733010509334 78.37911890124947 28.37911890124947
49.57710731661722 79.20848609828563 29.208486098285633
-3.8451736271852806 58.76913315481181 8.769133154811811
24.850962895644827 32.021799015441104 17.978200984558896
-0.6158163950194755 34.67390986660966 15.326090133390338
43.86051884901234 40.01508188449962 9.984918115500378
46.74070348973691 46.340578413967634 3.659421586032366
38.26341788000647 35.65541058064372 14.344589419356282
8.953485120087464 69.86053865352591 19.860538653525907
4.570321397479111 48.20772850076203 1.7922714992379696
35.291504793142266 41.68668491873362 8.313315081266381
7.46357114872124 32.18469351831541 17.815306481684587
15.18712267124452 49.133592968649026 0.866407031350974
-7.224659385841521 30.225336525461117 19.774663474538883
-2.065971373971607 35.824572526479365 14.175427473520635
-8.767022761493399 60.23227550308363 10.232275503083628
-5.324732794387852 76.74727056640553 26.747270566405533
-5.60733103810835 39.96829609631165 10.031703903688353
15.213902130448812 67.0530603327194 17.053060332719397
23.046630658246272 39.88527605226862 10.114723947731378
34.45272919225532 30.07475969203587 19.92524030796413
-1.4629915694550384 74.82690230809013 24.826902308090126
15.331324770165129 72.30543688506035 22.305436885060345
28.217962244703223 33.338935798753724 16.661064201246276
-4.926658310864047 38.85676440819347 11.14323559180653
16.68866930877223 41.715046400930625 8.284953599069375
12.155362354387865 76.41606823184527 26.416068231845273
46.93591573649971 49.096454782294074 0.9035452177059256
-6.528573165938967 70.36908783032366 20.369087830323664
14.517573270988883 51.79067664224789 1.7906766422478881
15.033528787772305 49.06223333480424 0.9377666651957597
33.69083027598068 68.26740273877807 18.267402738778074
9.240260172470233 60.78804982995128 10.788049829951277
2.2394165567740387 43.46588471105425 6.534115288945749
7.598699309978304 59.140529910873155 9.140529910873155
18.253252546961523 65.19264249781747 15.192642497817474
47.01609977429727 71.35390458156373 21.353904581563725
37.791021365798386 63.85895395797202 13.85895395797202
6.618214746784595 62.03735356568489 12.037353565684889
23.490895303582782 59.79511712380902 9.795117123809021
31.29201821411199 34.60254745621915 15.397452543780851
37.739429340927934 77.25945297749973 27.259452977499734
16.769863036990856 65.74209552388166 15.742095523881659
13.926614307782359 43.643556469727955 6.3564435302720455
36.05844456927671 64.61753470521316 14.61753470521316
15.902989733846724 61.04087180350403 11.040871803504032
4.877460133820307 62.94257228668939 12.94257228668939
17.20682189183886 48.945448550242475 1.0545514497575255
46.22627877742737 58.658792740058615 8.658792740058615
-1.4459507068839201 63.00136153382694 13.001361533826937
17.746121271632724 40.08280345096147 9.917196549038529
28.238211461826886 55.40060821934422 5.400608219344221
18.997279296086017 36.01708276554875 13.98291723445125
2.218394262222196 35.27652490627983 14.723475093720168
-9.889410363060044 75.55302876033298 25.553028760332978
31.93950270820634 36.22736122794333 13.772638772056673
27.12413108140715 74.66334858823214 24.66334858823214
-9.533401033848147 53.48995997707399 3.489959977073987
7.913607261087247 52.74513078770589 2.7451307877058895
36.11805557257049 46.990765977234304 3.009234022765696
27.735222712677256 50.81088582218976 0.8108858221897606
22.712486956638337 48.861619039829776 1.138380960170224
-0.6267334114570655 58.24914735013239 8.24914735013239
32.377642579981305 46.77966595444428 3.220334045555717
18.286095302948222 71.0987931725652 21.098793172565195
30.690724774157815 41.6780875078595 8.321912492140498
35.60539020340953 42.42350613737429 7.576493862625711
3.9417632864747087 54.027577331371624 4.027577331371624
35.7197007858627 76.7540641912378 26.754064191237802
6.805303081303357 31.195783707126452 18.804216292873548
49.04090822709473 66.17068077922887 16.170680779228874
-2.750103352928881 30.30032938438051 19.69967061561949
43.02308112464338 50.24301065451468 0.24301065451467707
-7.567172497397721 68.21036248477586 18.210362484775857
5.394549100888641 52.30395608543735 2.303956085437349
21.566114525748105 51.474446446098185 1.4744464460981845
24.896971006675678 42.660841449064016 7.339158550935984
13.774099101685529 53.75478190965667 3.7547819096566712
-3.8780963063757357 41.41297498379234 8.587025016207662
5.156485149482798 44.17606449126345 5.823935508736547
7.003790231629317 62.664678054372 12.664678054371997
35.31337127352389 59.9723528071755 9.972352807175497
44.526459513320425 76.47727576971363 26.47727576971363
25.724594929185166 78.44345406874262 28.443454068742625
-7.872942058538353 56.11900966037043 6.1190096603704305
37.53418829850262 34.37782562807455 15.622174371925453
8.336235970395197 44.99515471338087 5.00484528661913
10.393424384974608 55.89024477858224 5.890244778582243
21.811126258724883 63.6581446687713 13.6581446687713
4.942822854533304 77.30986247174327 27.309862471743273
45.19868527144218 37.755371683393 12.244628316606999
-0.18671449955122554 31.834235092416534 18.165764907583466
14.889824030223966 73.5017841390468 23.501784139046805
7.381516970432347 70.2582184077632 20.258218407763195
21.190046132096878 68.28741382808818 18.287413828088177
24.43890818494259 53.43003838892983 3.4300383889298303
27.62838134629056 63.88903520540592 13.889035205405918
21.882548230278367 50.57346124056712 0.57346124056712
14.64827014013597 39.602582889613174 10.397417110386826
28.075640742587957 49.5446882572522 0.45531174274780284
14.204772595209054 69.35232980106304 19.352329801063036
36.71301554324286 70.09278110122783 20.09278110122783
37.29064551529941 78.05672330370686 28.05672330370686
7.535250086649331 74.38335625821354 24.38335625821354
12.308259413346473 64.10422683872528 14.104226838725282
27.728654356813166 56.04560113982974 6.045601139829742
-0.5758019730605728 66.19635117353927 16.19635117353927
31.821915859215494 39.160179465715 10.839820534285003
12.885665178842785 76.15422656490574 26.15422656490574
25.463748485420425 65.62882872347319 15.628828723473191
-1.6280140461266903 59.7242777730131 9.7242777730131
30.095503165853593 51.70208586459919 1.7020858645991908
11.243471636821983 61.6770794573183 11.6770794573183
18.35993457243389 60.883936395289126 10.883936395289126
14.90644405097214 74.94270632535336 24.942706325353356
18.602914879705676 58.536815542283065 8.536815542283065
31.681737974986653 40.668857618445074 9.331142381554926
9.094410609924676 52.06896805499008 2.06896805499008
29.123268853912897 42.14842553725763 7.85157446274237
-6.3866735500178855 75.2475084379198 25.247508437919805
8.011109147732594 72.17629071983973 22.176290719839727
34.712581409002745 57.79095572646724 7.790955726467239
-6.8556473162761815 39.81957837958425 10.18042162041575
27.268531716934113 32.17710065180985 17.82289934819015
-8.467192043929687 36.70847268508737 13.291527314912628
18.29173209859403 52.16096403977144 2.160964039771443
43.312702622808594 63.710203919549556 13.710203919549556
-9.393394360143768 41.19990522445411 8.800094775545887
21.60968123923537 64.2260174859517 14.2260174859517
-6.012590220468219 73.09746919782938 23.097469197829383
42.02658656896929 67.8620540781773 17.862054078177295
31.177791334379876 51.27637376062823 1.276373760628232
34.51723140088575 62.286395368749496 12.286395368749496
30.140454796753282 79.41837164997773 29.41837164997773
-9.614592778111259 74.27058014386327 24.27058014386327
-7.529328264526088 46.90747532748793 3.09252467251207
27.252608241322797 64.27235267763817 14.272352677638168
49.98110753461468 38.16056406968766 11.83943593031234
42.388834345507576 57.86842355252723 7.868423552527233
31.981148403522255 47.82669824268888 2.1733017573111226
33.62599726053739 51.90731592134303 1.9073159213430273
3.601221356099744 51.944942694166336 1.9449426941663361
35.096836048148724 63.16164699104691 13.161646991046908
7.275446291806254 72.29980036312685 22.29980036312685
-3.6723839786564216 53.42859211091817 3.428592110918167
17.65369372800547 37.329239405607495 12.670760594392505
9.811746351777085 67.70771366108087 17.707713661080874
0.09532391907074 67.58215053221963 17.58215053221963
15.302593550684279 77.69226198509413 27.692261985094135
43.83205861783253 49.702800344940485 0.29719965505951507
16.116216397890128 53.1939504697003 3.1939504697002974
16.837513714983487 57.02978708223253 7.029787082232531
32.52966544665428 74.60616982276599 24.60616982276599
21.449712209137537 65.2108258927625 15.2108258927625
-2.2466178794803877 31.063906180165013 18.936093819834987
44.6235438526382 40.366134378153184 9.633865621846816
16.647460169717906 72.69474238616866 22.694742386168656
37.36026435352154 59.27369086802441 9.27369086802441
13.33250780133465 73.6954233015781 23.695423301578103
38.410761129241514 50.5699568766519 0.5699568766519008
13.37218496044716 40.523394358671645 9.476605641328355
3.2095712999627484 30.207036346453528 19.792963653546472
1.7716800150001184 79.80254794238644 29.80254794238644
46.40207866025062 36.81907666133331 13.180923338666688
25.191815514861204 62.148438284705875 12.148438284705875
-7.012404096504108 54.48544551008637 4.485445510086372
13.30085577068295 49.00746954378293 0.992530456217068
4.0417556314956204 56.86010750608342 6.860107506083423
-4.920576123442039 33.91417801560701 16.085821984392993
1.2053521112845083 78.50171012076783 28.501710120767825
-6.580571200029793 54.636847061025705 4.636847061025705
28.28441769368616 30.76447583882381 19.23552416117619
0.4024318902481312 50.96717157103622 0.9671715710362179
26.64679257461153 67.86009526253176 17.860095262531757
26.750404873473784 45.60418348152683 4.395816518473168
32.295422644396204 67.251120441867 17.251120441867002
20.727119036685874 68.3681359918768 18.368135991876798
7.065439420087895 41.95603594700425 8.043964052995747
42.647447235711674 78.39862431047791 28.398624310477913
11.18426490341082 31.39443747248332 18.60556252751668
17.497659498724346 73.1802742028006 23.180274202800604
27.912765903832785 55.632456081923806 5.632456081923806
20.967457890046973 37.66897442406112 12.331025575938881
47.38810091399203 42.91964728764649 7.080352712353509
47.283060646287325 59.675864594859235 9.675864594859235
45.78559103656558 43.92285819278332 6.077141807216677
46.04458097991549 71.92105381973272 21.92105381973272
24.85760813412176 40.976425700901956 9.023574299098044
19.41212382380018 49.20306486859122 0.7969351314087803
32.24700904294213 55.3406583992393 5.340658399239302
2.9251755791280782 46.98864818673823 3.0113518132617685
5.952322352931695 71.20714015894802 21.20714015894802
-7.371564782014499 43.194110220517636 6.805889779482364
-0.2285474465181423 34.44885866493343 15.551141335066568
-9.767527003671368 37.739259420162504 12.260740579837496
29.277654591409885 61.34727276272336 11.347272762723357
-1.5755806578590832 58.1781325061023 8.178132506102301
37.200760734563126 33.16491609633665 16.835083903663353
30.830239752903502 79.65245817874151 29.65245817874151
48.240547601269746 53.97203163605158 3.9720316360515824
13.790869217113478 45.97186006066628 4.02813993933372
45.28351480706316 66.45812007492958 16.45812007492958
17.222250339171993 31.21459294728859 18.78540705271141
10.370224390172424 51.712457242293304 1.7124572422933042
-3.859667804976774 63.22069195497625 13.220691954976253
42.969931104311584 78.10681124537425 28.106811245374246
37.68740951375521 68.08188890730622 18.081888907306222
9.375738592103634 74.25796048012455 24.257960480124552
17.344663095537737 35.945295358262555 14.054704641737445
9.508607948794896 51.48853028114145 1.4885302811414505
-8.270253007714317 31.589521255091032 18.410478744908968
-7.338848476052984 43.599709892334786 6.400290107665214
12.122247552923536 49.21484325655904 0.7851567434409574
2.57547968772702 47.191054035585225 2.808945964414775
21.470876192635536 48.68703984326758 1.312960156732423
1.2671021389771333 70.1540002365253 20.154000236525306
2.0972951879845816 39.47718163768001 10.522818362319988
30.360072879057817 71.22478050802583 21.22478050802583
34.136159405702955 57.09605435267299 7.0960543526729865
8.733925752446297 46.9372564239025 3.0627435760975033
41.59966396600236 57.61178836746281 7.6117883674628075
5.278350479342638 38.07116661520178 11.928833384798217
10.63642257689343 54.77273748051448 4.772737480514479
32.748823422176535 31.097664846910433 18.902335153089567
-7.329825920247421 73.14875388810708 23.14875388810708
46.05100760697146 46.57905173959886 3.42094826040114
-5.659736092742477 47.20214746734856 2.79785253265144
17.65586353628361 79.75759986762802 29.757599867628016
33.476289557605355 60.672786593899254 10.672786593899254
-7.151887900912115 50.882684720794344 0.8826847207943445
38.540161138230644 69.53283606388936 19.532836063889363
48.73360059868483 33.38323535454397 16.61676464545603
17.63070036773768 58.52521021075197 8.525210210751972
-2.912581822745917 56.03504809553999 6.035048095539992
-5.111380260671203 73.06140840016036 23.06140840016036
-4.076173830211884 59.3100171268961 9.3100171268961
35.926482448188516 54.26362076202746 4.2636207620274575
14.840770908111118 56.01129294955605 6.011292949556051
45.15404949194186 69.09486540533291 19.09486540533291
16.43838656518907 47.36603978902693 2.633960210973072
-5.371401391323516 57.88947069508518 7.88947069508518
15.616135251080038 65.36951363718705 15.369513637187055
35.28967360553339 79.77777271613144 29.777772716131437
39.7603056108077 64.68420977270688 14.684209772706879
-7.638898808248489 78.09355856111415 28.09355856111415
0.8233634753800274 49.951633066462435 0.04836693353756516
19.40080712141864 60.43904963820508 10.439049638205077
-2.314871322903482 67.26474286578011 17.264742865780107
42.2655585165304 47.42079748137354 2.5792025186264596
46.06765330676893 43.45874694018027 6.541253059819731
9.175819901229055 78.64165555484058 28.641655554840582
16.0906209531212 47.42669864514463 2.573301354855367
23.423243865203396 79.99513385715989 29.995133857159885
7.130347465015344 72.61354923277824 22.61354923277824
22.464541847573685 40.80340574150158 9.196594258498422
2.0711027284270287 71.4109611189869 21.410961118986904
7.798475076614771 79.1813563288988 29.1813563288988
16.507017991260646 43.84101121168506 6.158988788314943
26.280194131468583 63.222720688650604 13.222720688650604
22.16990156517459 68.47946114855131 18.47946114855131
5.659278604036368 34.16409993927442 15.835900060725578
3.9072725250833145 70.9665902436083 20.966590243608294
-2.876185797957338 45.41803660699269 4.581963393007307
37.009618153530354 65.31908980832947 15.319089808329466
-4.065954012017173 77.50691105547106 27.506911055471065
33.973100370761635 31.75545106998426 18.24454893001574
4.926421739785983 60.58564402689045 10.58564402689045
7.073419040346952 44.62023139124683 5.379768608753167
34.16500598064796 35.73293945434785 14.26706054565215
29.57724750329818 65.59274013165589 15.592740131655887
34.515293330933495 78.95232811622643 28.952328116226425
20.916983527661685 55.63552504579449 5.635525045794488
41.54574917991624 47.317210460106985 2.6827895398930153
-2.6923665174717044 52.4544797423886 2.4544797423885996
28.71181768439031 50.73089424622398 0.7308942462239827
-2.9053412506806424 56.59509548227639 6.595095482276392
34.23700208872569 50.458791823203924 0.4587918232039243
11.534279687507162 34.018623230446345 15.981376769553655
30.4929262622666 78.97138679882829 28.97138679882829
32.2090348064769 79.83536389623977 29.83536389623977
29.636507458463498 38.7067277344193 11.293272265580697
3.2934788196695877 42.05199831289208 7.948001687107919
39.907993183241224 51.847814572465126 1.8478145724651256
4.40816524540805 64.93664685142498 14.936646851424982
21.089197832726732 31.56724677343118 18.43275322656882
30.478745249201076 71.77487753637914 21.774877536379137
4.016190487085394 61.92166866572978 11.921668665729783
27.71070337903634 43.46467810726677 6.535321892733229
7.209862879839719 73.54336074584711 23.54336074584711
0.28294256506321247 63.06046065431594 13.06046065431594
38.584929711594626 45.846214062611615 4.153785937388385
23.187366204641627 57.392299716730335 7.392299716730335
9.673082396531363 78.96187792995363 28.96187792995363
25.125856832332396 32.42164834710877 17.57835165289123
-8.4828161543627 65.42310083240744 15.423100832407442
-2.210628594380366 72.47068050813691 22.47068050813691
13.734851101894584 64.61584244542013 14.615842445420128
48.545394767864735 37.000920645733125 12.999079354266875
20.628471072567393 59.85748017433575 9.857480174335748
-5.412627695986288 69.2977622854017 19.297762285401703
35.902436914967396 50.929795608250814 0.9297956082508136
36.88663225551891 59.12141391092534 9.121413910925341
36.48813046369137 42.67339771643412 7.326602283565883
24.169882282877232 45.637427535104365 4.362572464895635
31.741924272167758 70.42850715398598 20.428507153985976
2.807476178697881 54.47490688017917 4.474906880179169
33.95363545363929 52.44058687547832 2.440586875478317
38.970439240495665 36.144191855063426 13.855808144936574
35.597992413315154 48.72354491410246 1.2764550858975383
11.207744155153222 56.03605279746809 6.036052797468088
25.461683034542517 41.55061673604226 8.449383263957742
27.739361449390323 70.39677809078987 20.396778090789866
44.048591219425035 49.185035314637155 0.8149646853628454
-3.51916628359999 41.92448961775792 8.07551038224208
40.03602625102451 45.41487466485108 4.585125335148923
21.586133508142353 71.2231766367772 21.223176636777197
11.516847233116238 75.20717379774155 25.207173797741547
17.336174089625143 78.01489242824503 28.014892428245034
-9.241870064155673 30.759703998832546 19.240296001167454
3.204415539885659 67.69470653018868 17.694706530188682
29.165805204080293 56.274201800638664 6.274201800638664
29.650956785266935 36.22800384735151 13.77199615264849
19.681936417178786 42.32667881989222 7.673321180107777
47.19955283583918 44.08454152515199 5.915458474848009
18.85490531296827 50.210834380799696 0.21083438079969596
8.836619572739629 53.536063617983515 3.5360636179835154
40.866850351738485 76.83944282192257 26.839442821922574
5.549497963835719 32.91775284865211 17.082247151347893
26.25835958206097 65.45846525092327 15.458465250923268
32.20513113933799 72.70530474343673 22.705304743436727
39.30177792150705 47.86499589773386 2.1350041022661372
37.122125010964936 42.460859921258084 7.539140078741916
13.045539830822676 41.06542453129928 8.934575468700722
-6.449181642235784 45.041958834554855 4.958041165445145
-7.702728070993434 37.26489953185628 12.73510046814372
33.587623274507564 57.58389934261339 7.5838993426133925
47.70148288441105 42.51997520929926 7.480024790700739
10.589922456277634 31.36257677571831 18.63742322428169
16.47170588453085 41.631671661209296 8.368328338790704
33.547880944506595 71.03160527414462 21.031605274144624
29.469874751232794 50.868511097597775 0.868511097597775
5.606395309048162 74.17681273267794 24.176812732677945
30.295090747922146 77.18078157188151 27.18078157188151
8.29414517446303 42.16741642291051 7.832583577089487
11.381474393722307 57.99862255484619 7.998622554846193
22.370798315785663 74.05334548401423 24.05334548401423
33.93882943560383 59.07101686343864 9.071016863438643
-0.9270273059221097 38.40001432038361 11.599985679616388
-8.680767346423675 42.3976623728928 7.602337627107197
27.66979726910131 79.38124149067312 29.38124149067312
-8.526119332849824 44.96934324450895 5.0306567554910515
-7.302205557029888 73.38514911215495 23.38514911215495
3.5465346033280127 69.75061688903656 19.750616889036564
29.232612398267335 67.09923514017268 17.09923514017268
-6.007294138838272 66.09711284223127 16.09711284223127
-6.255653942408337 69.49909318418364 19.499093184183636
48.325594662417004 72.37038426093198 22.370384260931985
15.359173626832991 33.11832182557919 16.881678174420813
43.54573603957155 38.39049122520395 11.609508774796048
2.9914570371658407 55.27646623101214 5.276466231012137
16.112790767277016 40.6244762930303 9.375523706969702
11.482108076789302 56.66090113153 6.660901131529997
0.6161321620981486 54.659116977094065 4.659116977094065
9.728791145115 36.33857244841934 13.661427551580658
49.2077491217628 34.29805760562753 15.701942394372473
34.83854058770717 30.582639835448052 19.417360164551948
12.96009675098951 71.25180650271747 21.25180650271747
14.557066063995894 34.08708341812618 15.912916581873823
5.824454069303979 78.07826643693336 28.07826643693336
21.880200715929504 79.1915927242599 29.191592724259905
34.13821472851679 67.28482216442646 17.28482216442646
31.198796945036065 52.519164038486394 2.5191640384863945
17.758990120479172 43.78942317690168 6.210576823098322
-7.483657197030579 50.622621094055845 0.6226210940558445
45.29046838995611 47.26466330209274 2.7353366979072575
14.536028185763964 49.81475698137812 0.18524301862188253
13.417932020715895 66.30978914969978 16.30978914969978
-9.8133931306507 74.62631037907741 24.62631037907741
-1.706367155085216 37.88575134651046 12.11424865348954
42.13120505004072 42.13352894066634 7.866471059333662
20.83607577087818 40.49484530761974 9.505154692380259
33.9460906533606 32.26729950368633 17.73270049631367
-1.109926813998488 72.71002898129083 22.710028981290833
9.803060399314965 55.56377716701763 5.5637771670176335
40.40819339227183 33.35173893463702 16.64826106536298
39.23951127064548 52.312763053546874 2.312763053546874
4.807656085174436 52.53053959836798 2.53053959836798
-8.681481500015664 68.89779779948026 18.89779779948026
38.38801841273617 68.06987243201698 18.06987243201698
0.13064030236529867 36.72444947057298 13.275550529427022
37.260883527253725 61.343780785849596 11.343780785849596
31.019553793106425 55.48431466860869 5.48431466860869
0.09888561865365197 30.674588828670103 19.325411171329897
-5.290681379805237 37.386791464388594 12.613208535611406
45.65896579533734 63.342421188197825 13.342421188197825
25.872703837003613 48.35129031155007 1.6487096884499266
27.230610383390662 78.18426977744451 28.184269777444513
17.45070817028322 55.087518111488706 5.087518111488706
-0.9957413606626844 64.41415848341143 14.414158483411427
26.118194776795264 36.68088198546395 13.319118014536052
5.14837280225022 53.972422930193474 3.972422930193474
38.35367936105249 66.70607355804734 16.706073558047336
33.963137288324965 71.67408378996993 21.674083789969927
-8.363968897269295 39.98037144860793 10.019628551392067
45.945380578702085 49.84533605701371 0.15466394298628927
-7.821037100399312 53.676350452534734 3.6763504525347344
-4.622840870157557 52.018619678662034 2.0186196786620343
7.56407365425472 53.772083527863444 3.772083527863444
-0.9514563717915951 44.795011258707504 5.204988741292496
4.168704974996144 70.43603714592089 20.436037145920892
11.348569316693283 75.65389727498501 25.653897274985013
34.12998292728283 47.45003642632228 2.549963573677722
14.282681645890662 61.8930035841059 11.893003584105898
6.190385283525551 49.03529591704228 0.9647040829577165
19.538789217660174 58.937599584933736 8.937599584933736
13.555594987325634 64.77694723581044 14.77694723581044
8.64585184917242 55.07581386637102 5.075813866371021
44.03249947200464 63.72910351115451 13.729103511154513
23.02690705757626 67.85728721496082 17.85728721496082
48.63965065848603 72.16478177727794 22.164781777277938
36.37474456360629 39.44049448941794 10.559505510582063
24.229957857174618 40.81924485607344 9.180755143926561
5.746795356611843 55.718567582745294 5.718567582745294
31.210619377330325 55.48285094658483 5.482850946584833
17.355063138186303 70.38627467951335 20.38627467951335
33.2832629025052 55.86916862301061 5.869168623010609
14.226728534663692 75.0026234730079 25.0026234730079
19.760302179076852 68.88014179143019 18.88014179143019
-8.758973953254664 55.315790562404274 5.315790562404274
34.39751013920318 71.31630608717668 21.316306087176685
-7.943587338662159 53.79279804120537 3.792798041205373
30.84352315085838 47.08575794807605 2.9142420519239494
24.92022173227773 51.67117197128057 1.6711719712805717
36.555056689287596 52.8104006150206 2.8104006150205976
7.386655954244937 62.52659757685842 12.526597576858421
31.16664890739979 32.60785474980535 17.392145250194652
2.425878537862289 66.47543385413445 16.47543385413445
21.75632008146987 78.41163875795597 28.41163875795597
10.416822755070811 52.94087845510779 2.940878455107793
48.70727308142077 33.4386146881724 16.5613853118276
48.31199344275911 40.062819196727 9.937180803273002
2.5381841284016033 35.16070196616736 14.839298033832641
23.962294153149763 42.817683063074 7.182316936926
9.766561152696351 69.69535527500332 19.695355275003323
48.11229122121686 30.05247176642008 19.94752823357992
45.47155689119395 73.67896661780134 23.678966617801336
25.168751183389375 76.9773575275868 26.977357527586804
33.205067306509626 39.250154203978745 10.749845796021255
30.879485402544177 38.67932174623545 11.320678253764548
11.201337946601658 78.28814814287718 28.288148142877176
44.9816941625096 48.01900774590588 1.9809922540941187
43.96721220898142 70.58881523746038 20.58881523746038
9.839507868684759 30.45053387973441 19.54946612026559
34.84369463626152 79.53957895065315 29.53957895065315
-9.454472399533085 30.824510313813004 19.175489686186996
38.98154663350651 60.37852977084881 10.378529770848807
23.892160723879975 76.42251773457158 26.422517734571585
47.138402765057016 71.56304294994118 21.563042949941178
11.79158447289047 45.52012784865213 4.47987215134787
27.542784494202245 71.10402063881497 21.104020638814973
9.380145890202723 49.65238184601421 0.3476181539857919
36.96712288423998 54.9903208532702 4.990320853270198
26.042179806980016 48.16390002453331 1.8360999754666878
49.24826137872136 47.73590337031018 2.264096629689817
-9.939232414212789 59.103761327242935 9.103761327242935
-1.554475470511873 69.10339926009664 19.103399260096637
-7.383917074551194 64.97455642548718 14.97455642548718
-2.4491290712299296 68.40389779664227 18.40389779664227
45.76311782418984 30.713663396937676 19.286336603062324
46.91649797035369 56.584669676625296 6.584669676625296
18.824752081888622 47.639430142331406 2.360569857668594
