COAST
4
11 1
16.4747 87.9009 Inf
25.2304 94.3149 Inf
32.6037 87.9009 Inf
34.4470 79.7376 18.3713
24.0783 79.1545 20.0846
17.1659 67.7843 18.4710
15.0922 77.9883 17.1228
4.4931 76.8222 9.1416
7.7189 83.8192 Inf
11.4055 88.4840 Inf
16.4747 87.9009 Inf
6 1
40.8986 62.5364 34.5437
55.4147 47.0845 23.8522
40.4378 39.5044 8.4992
30.9908 46.2099 15.1255
34.4470 61.9534 18.2383
40.8986 62.5364 34.5437
6 1
73.6175 73.6152 Inf
90.2074 59.6210 Inf
79.6083 48.2507 Inf
76.3825 58.4548 23.8522
71.5438 64.2857 23.5802
73.6175 73.6152 Inf
11 1
-0.2688 76.3173 Inf
0.8926 68.4195 16.2857
2.5186 61.2186 16.0515
8.0936 51.6948 18.4710
15.9913 44.2615 23.5520
28.3026 36.5960 9.9826
39.9170 31.0211 Inf
18.0819 26.3754 Inf
1.5895 42.4032 Inf
1.5895 42.4032 Inf
-0.2688 76.3173 Inf
