505278.5114 7573047.8142
505262.7305 7572950.7651
505204.4922 7572871.8242
505123.8146 7572815.6822
505049.2960 7572751.5727
504975.0466 7572687.1166
504920.6476 7572605.2747
504827.5698 7572575.4377
504733.4481 7572547.0007
504639.3264 7572518.5637
504550.8404 7572535.8145
504490.4660 7572611.1275
504437.1372 7572693.7325
504387.0453 7572778.0224
504388.5914 7572869.1485
504453.2145 7572935.9064
504544.1232 7572971.8607
504638.2569 7573000.2581
504732.3906 7573028.6554
504825.3393 7573060.2757
504917.9315 7573089.8658
505015.8840 7573098.4013
505113.8366 7573106.9367
505211.7892 7573115.4722
505278.5114 7573047.8142