505514.7971 7596478.3452
505503.7466 7596577.9032
505493.5968 7596677.4986
505496.3548 7596777.6300
505501.6549 7596877.2545
505547.3793 7596961.1011
505641.8882 7596990.2825
505741.6185 7596986.2194
505836.0700 7596957.7653
505918.5547 7596900.9305
506001.0394 7596844.0958
506053.0187 7596859.8812
506070.1727 7596958.5708
506087.3268 7597057.2605
506102.5190 7597156.2656
506162.4468 7597232.4283
506256.6623 7597221.2575
506295.4714 7597130.4252
506345.2459 7597101.5293
506415.3184 7597173.1097
506485.3909 7597244.6901
506550.1920 7597320.6996
506608.6239 7597402.0606
506674.4453 7597477.1436
506733.3891 7597452.6796
506752.0109 7597357.0480
506755.3400 7597256.9340
506763.5803 7597213.6511
506784.0347 7597311.7099
506812.1514 7597407.1227
506865.5653 7597490.4306
506936.5949 7597561.0612
507007.6246 7597631.6919
507085.3741 7597693.5816
507177.9348 7597716.7897
507277.6796 7597707.5764
507367.2791 7597673.0349
507444.5673 7597609.3453
507520.5204 7597544.0380
507596.4734 7597478.7308
507685.2053 7597434.9881
507778.9635 7597399.7276
507872.7218 7597364.4671
507972.0815 7597359.8205
508040.3322 7597289.0255
508106.6475 7597213.9508
508172.9627 7597138.8762
508222.1459 7597052.4499
508256.2893 7596958.4431
508287.5262 7596863.2687
508318.7631 7596768.0943
508339.8436 7596672.3545
508319.3650 7596574.3007
508294.8444 7596477.5291
508243.2991 7596395.6999
508154.5353 7596351.9684
508056.2927 7596332.8695
507956.9592 7596319.9565
507857.6256 7596307.0434
507759.6043 7596288.3047
507663.0799 7596262.6518
507563.6505 7596252.9777
507463.4815 7596253.2695
507363.3125 7596253.5613
507263.5876 7596247.9705
507164.5975 7596232.6451
507065.6075 7596217.3196
506966.9368 7596200.2077
506868.1348 7596184.6732
506768.8356 7596186.5442
506676.3817 7596219.6999
506610.1647 7596289.9416
506541.6322 7596331.8816
506480.5714 7596253.1091
506420.1037 7596173.2564
506351.7323 7596102.4667
506253.2128 7596111.5144
506161.3341 7596151.4169
506069.4554 7596191.3194
506004.6841 7596146.6080
505953.0966 7596060.7439
505889.5258 7595983.7543
505796.8375 7595961.5379
505736.8513 7596033.1045
505683.5412 7596117.9098
505630.2310 7596202.7151
505584.7349 7596291.9500
505539.3487 7596381.2473
505514.7971 7596478.3452