504779.9434 7570750.7823
504819.7034 7570842.8657
504882.1379 7570921.2733
504935.6800 7571006.0315
505027.4655 7571039.3378
505121.2277 7571074.8773
505214.7919 7571111.0152
505308.3560 7571147.1531
505391.6936 7571197.7555
505469.8995 7571241.2209
505552.7268 7571201.2267
505588.3979 7571111.8569
505578.5492 7571013.5091
505544.3566 7570919.4385
505489.3434 7570838.0587
505409.5007 7570778.1028
505323.6546 7570726.2314
505237.3520 7570678.0489
505141.4523 7570707.4333
505045.5525 7570736.8177
504949.6528 7570766.2021
504861.7206 7570744.4204
504779.9434 7570750.7823