509273.2529 7576798.2504
509257.8979 7576700.5273
509227.6988 7576606.3397
509159.8448 7576572.2922
509087.0638 7576635.7611
508996.0273 7576674.4645
508904.9909 7576713.1679
508813.9545 7576751.8713
508743.4930 7576740.7676
508706.3124 7576649.0988
508660.1710 7576562.6626
508590.0672 7576494.7432
508505.9480 7576442.7059
508418.1306 7576397.8899
508325.9003 7576362.1249
508233.6699 7576326.3598
508141.9468 7576352.8712
508050.3114 7576390.1340
507958.6759 7576427.3968
507867.0404 7576464.6596
507782.5692 7576418.2343
507691.9005 7576454.7868
507648.3613 7576540.3134
507690.0110 7576628.1526
507771.7389 7576681.0138
507864.2207 7576710.9633
507943.7149 7576769.8381
508023.2092 7576828.7129
508102.7035 7576887.5877
508183.0189 7576945.2919
508269.6275 7576976.5191
508365.8839 7576953.7095
508462.1403 7576930.8998
508558.3968 7576908.0902
508653.1253 7576934.2162
508747.7712 7576962.9864
508842.4171 7576991.7566
508940.4597 7576981.7331
509033.5238 7576948.6154
509126.2874 7576914.2572
509219.0511 7576879.8991
509273.2529 7576798.2504