594927.9441 7654634.8152
594749.7321 7654725.3170
594578.8012 7654828.9316
594411.0448 7654937.6124
594244.6714 7655048.3733
594095.4157 7655181.2958
593972.0021 7655338.5212
593867.6853 7655509.0252
593770.1870 7655683.5175
593698.7175 7655870.1881
593680.8872 7656069.2404
593747.4232 7656257.6665
593858.7283 7656423.6815
593987.3876 7656576.6540
594116.0469 7656729.6265
594244.1731 7656882.8756
594295.2116 7657076.1342
594346.2501 7657269.3928
594395.3780 7657462.5771
594329.4958 7657651.2920
594263.6135 7657840.0069
594200.3790 7658029.4324
594162.3289 7658225.6523
594118.3096 7658420.6294
594072.4781 7658615.0951
594010.1819 7658804.8882
593971.7378 7659000.9973
593946.8317 7659199.3241
593921.9256 7659397.6508
593903.7427 7659596.0419
593933.5153 7659792.5043
594015.3653 7659974.8189
594108.5399 7660151.5085
594220.7831 7660316.5446
594354.5094 7660465.1080
594488.2357 7660613.6714
594613.9727 7660767.3094
594691.6079 7660951.5011
594769.2430 7661135.6928
594840.4931 7661321.8076
594877.4955 7661518.2373
594911.6452 7661715.0650
594929.8203 7661914.1214
594947.9955 7662113.1778
594970.1762 7662311.5937
595018.6990 7662505.2769
595088.0532 7662692.7401
595154.7687 7662881.1621
595221.4842 7663069.5840
595277.1461 7663259.8550
595286.4147 7663457.9708
595355.0293 7663645.3594
595443.9368 7663824.2006
595516.4639 7664010.4628
595588.9910 7664196.7251
595659.1668 7664383.8313
595731.7171 7664569.0417
595838.8147 7664737.7041
595957.4550 7664898.4730
596087.8725 7665049.6698
596238.3142 7665179.2769
596413.4101 7665275.6784
596589.7035 7665369.8826
596765.9969 7665464.0869
596936.4530 7665566.8781
597094.6107 7665687.7994
597275.7711 7665767.9287
597473.0239 7665796.9263
597672.4582 7665806.9661
597870.7643 7665832.0359
598069.0704 7665857.1058
598259.4455 7665906.0177
598440.0635 7665987.4621
598636.2332 7666021.5718
598835.8816 7666031.2834
599035.5300 7666040.9951
599234.3388 7666058.5708
599432.0486 7666072.2123
599630.7169 7666050.1965
599829.3852 7666028.1807
600020.9437 7666064.0973
600208.3927 7666133.4997
600395.8416 7666202.9021
600571.5603 7666297.1422
600744.2388 7666397.8195
600916.9173 7666498.4969
601085.7578 7666605.4452
601275.0076 7666667.0227
601467.7797 7666719.8600
601660.6465 7666772.3595
601850.3433 7666835.2280
602039.5960 7666899.5494
602228.8486 7666963.8707
602414.2699 7667038.4178
602604.2304 7667100.3829
602761.0825 7666994.9066
602883.2624 7666836.7109
602938.4949 7666654.0732
602850.7271 7666496.5150
602697.7648 7666367.8446
602544.5741 7666239.4452
602375.0246 7666135.7037
602190.7431 7666059.1180
602003.2243 7665989.9044
601815.7056 7665920.6908
601696.7104 7665762.4525
601581.8120 7665598.8916
601471.4986 7665434.7122
601538.9471 7665246.5514
601606.3957 7665058.3906
601671.1687 7664869.3281
601719.5626 7664676.0032
601748.8684 7664478.2787
601778.1741 7664280.5542
601798.7510 7664082.0243
601791.1544 7663883.0605
601736.1716 7663693.7763
601629.8478 7663525.5929
601505.2970 7663369.2571
601430.4873 7663188.9749
601384.8833 7662994.4872
601299.1164 7662813.9385
601213.3494 7662633.3899
601129.3501 7662452.0914
601059.1522 7662264.9389
600988.9543 7662077.7865
600924.0176 7661889.2867
600895.6242 7661691.4292
600858.3254 7661496.5546
600761.1968 7661321.8614
600661.4626 7661148.6364
600557.4668 7660978.2453
600426.2389 7660830.3395
600252.6285 7660732.6430
600063.7290 7660668.2139
599868.8773 7660623.6421
599673.9117 7660579.5823
599477.6449 7660543.5632
599278.3244 7660528.5592
599079.0039 7660513.5552
598905.2528 7660447.2636
598773.3084 7660297.1154
598641.3641 7660146.9672
598521.5312 7659988.0044
598419.2242 7659816.2864
598316.9171 7659644.5684
598224.3016 7659467.8650
598146.6101 7659283.7233
598072.1785 7659098.2139
597999.5909 7658911.9891
597929.4392 7658724.8193
597859.2876 7658537.6495
597791.2718 7658349.7102
597715.7623 7658165.0570
597637.2183 7657981.6569
597571.4256 7657792.9108
597505.6329 7657604.1646
597538.4049 7657420.2786
597481.6836 7657240.0136
597372.1095 7657073.2790
597257.7209 7656909.3612
597143.3324 7656745.4433
597040.7810 7656573.9938
596932.7239 7656405.8922
596822.9260 7656238.8646
596713.1280 7656071.8370
596648.5965 7655883.8469
596558.6939 7655705.9978
596424.7058 7655558.9500
596246.7163 7655472.1396
596065.5381 7655387.7488
595884.7191 7655302.5532
595703.9001 7655217.3576
595553.8547 7655086.1157
595406.5994 7654950.9507
595259.3888 7654815.7366
595121.5787 7654670.9983
594927.9441 7654634.8152