509638.8917 7576227.5233
509648.7729 7576317.5898
509739.5708 7576357.2817
509838.9497 7576368.8582
509938.8234 7576375.3797
510038.6971 7576381.9012
510138.5708 7576388.4227
510221.8287 7576419.4282
510266.5539 7576508.9085
510315.8133 7576596.0337
510338.9274 7576685.1482
510303.4168 7576778.7233
510267.9062 7576872.2983
510232.3956 7576965.8733
510148.1443 7576995.1386
510050.5665 7576997.2205
509973.3754 7576933.5117
509905.1323 7576893.5996
509894.0690 7576992.9735
509890.2125 7577092.9856
509910.9079 7577186.3052
509969.8444 7577266.8963
510044.2679 7577331.9868
510129.8447 7577383.8896
510215.4215 7577435.7925
510300.9983 7577487.6953
510395.6393 7577515.6450
510485.4793 7577559.7592
510575.3192 7577603.8735
510665.1592 7577647.9878
510718.7146 7577719.0474
510745.9391 7577814.7108
510801.7422 7577895.0585
510882.3397 7577953.0801
510969.7905 7578001.7590
511057.2414 7578050.4380
511047.5891 7578122.2914
510991.5467 7578205.2163
510935.5043 7578288.1412
510877.3886 7578369.4431
510838.8462 7578449.7646
510884.4186 7578535.7852
510957.0799 7578604.6157
511026.2420 7578676.7217
511096.9912 7578746.5839
511185.9848 7578782.1431
511285.8949 7578788.0797
511384.5548 7578804.6255
511483.1076 7578822.0789
511581.6605 7578839.5322
511670.0870 7578883.3497
511754.9829 7578936.3588
511839.8789 7578989.3679
511907.3172 7579062.5883
511942.2853 7579155.5378
511966.2476 7579242.1783
512046.5296 7579301.6072
512134.8575 7579347.7620
512229.9623 7579362.1054
512327.2370 7579338.5490
512424.5118 7579314.9926
512522.5976 7579315.6635
512621.2736 7579332.4056
512719.9781 7579348.9797
512818.6827 7579365.5538
512916.0350 7579388.3717
513014.7085 7579403.4654
513114.2654 7579413.7469
513212.3826 7579400.8640
513285.0672 7579338.3501
513228.0374 7579269.5779
513199.0715 7579173.7746
513220.3897 7579077.4922
513247.5248 7578981.1544
513274.6599 7578884.8165
513309.0982 7578795.6914
513394.6722 7578756.8288
513424.0118 7578661.1394
513453.3515 7578565.4499
513473.5962 7578467.7746
513476.3672 7578368.0472
513452.9307 7578271.8744
513418.9900 7578177.7186
513413.4407 7578079.1939
513367.0478 7577995.1008
513306.3535 7577915.5176
513254.4532 7577957.4825
513264.8667 7578057.0257
513232.5591 7578074.0907
513164.3203 7578083.2584
513076.0017 7578130.3445
512987.6830 7578177.4305
512899.3643 7578224.5166
512816.0671 7578229.1818
512741.1825 7578162.7770
512666.2979 7578096.3723
512596.5499 7578024.9532
512514.0130 7577984.5078
512414.0806 7577978.9585
512314.1481 7577973.4092
512214.2157 7577967.8600
512114.3023 7577961.9828
512014.4000 7577955.9150
511914.4977 7577949.8471
511834.7669 7577908.6328
511779.1322 7577825.4339
511723.4975 7577742.2349
511694.1071 7577649.4035
511645.3663 7577569.0405
511561.5829 7577515.7955
511526.7840 7577461.5081
511582.8182 7577381.8198
511572.7300 7577296.6239
511499.1081 7577228.8218
511422.2385 7577164.8947
511338.8226 7577109.7597
511253.7772 7577056.9907
511168.7318 7577004.2217
511083.6864 7576951.4528
510985.9267 7576933.5790
510886.8686 7576919.2691
510787.8105 7576904.9592
510712.4759 7576842.8588
510641.1877 7576772.6073
510569.8995 7576702.3558
510606.4270 7576634.6439
510680.9440 7576567.8269
510755.4610 7576501.0099
510803.3412 7576428.6302
510761.7941 7576337.5745
510713.2428 7576250.8858
510636.4559 7576196.2404
510537.2976 7576188.0774
510437.3115 7576192.5565
510337.3254 7576197.0356
510237.3828 7576202.1873
510137.6539 7576210.6392
510037.9250 7576219.0912
509938.1961 7576227.5431
509838.3961 7576232.4628
509738.5716 7576236.3071
509638.8917 7576227.5233