514581.6783 7585679.6484
514634.6866 7585601.3567
514631.4201 7585502.4370
514603.1423 7585407.0035
514560.9332 7585316.6638
514512.5238 7585229.3409
514464.1144 7585142.0179
514418.9014 7585053.0916
514360.5884 7584975.4994
514274.1681 7584928.0799
514180.4752 7584893.5774
514082.8285 7584893.0173
513983.7136 7584905.0596
513884.5988 7584917.1019
513799.0060 7584896.9529
513738.2211 7584817.7445
513676.6417 7584739.1613
513613.9583 7584661.4467
513551.2750 7584583.7321
513488.5916 7584506.0175
513551.9039 7584432.7986
513615.9112 7584356.5553
513632.9002 7584269.0250
513597.5199 7584175.6602
513557.3700 7584084.4417
513510.9545 7583996.0428
513464.5391 7583907.6439
513414.5590 7583822.6599
513327.8819 7583773.1798
513236.2353 7583735.2023
513162.1221 7583779.4350
513120.0867 7583869.9987
513078.0513 7583960.5625
513060.6058 7584054.0284
513080.4028 7584151.8897
513100.1997 7584249.7511
513144.2749 7584338.2737
513221.9401 7584399.1252
513304.2651 7584455.6172
513353.3957 7584530.6082
513374.8708 7584626.4472
513414.6229 7584718.0361
513454.3749 7584809.6251
513500.2094 7584896.6356
513576.6797 7584960.8103
513651.0902 7585027.3825
513730.5025 7585086.6240
513826.0652 7585115.5469
513921.6279 7585144.4698
514017.1907 7585173.3926
514083.5445 7585237.3323
514129.1416 7585326.1561
514174.7386 7585414.9800
514228.1132 7585499.2064
514312.0922 7585550.9306
514399.9320 7585598.3956
514487.7719 7585645.8606
514581.6783 7585679.6484