514546.6288 7577774.5016
514613.9871 7577700.1833
514606.1112 7577600.2367
514598.1281 7577500.2537
514590.1451 7577400.2706
514600.5351 7577313.9305
514698.5551 7577292.6602
514796.5751 7577271.3899
514877.1183 7577216.9063
514852.7421 7577131.6537
514766.4165 7577091.1444
514667.8652 7577073.6350
514568.5402 7577059.6748
514470.8977 7577038.1072
514374.9499 7577008.8779
514279.0020 7576979.6486
514186.3385 7576944.1380
514132.8877 7576875.5477
514172.1288 7576783.2413
514211.3700 7576690.9349
514250.6112 7576598.6284
514308.3388 7576521.5167
514318.6687 7576435.1676
514256.3520 7576356.5739
514194.0352 7576277.9802
514131.7185 7576199.3866
514089.6113 7576117.5228
514123.9628 7576023.2873
514158.3142 7575929.0519
514192.6657 7575834.8164
514242.6880 7575751.3776
514318.5037 7575685.7092
514394.3193 7575620.0409
514470.1350 7575554.3726
514555.1686 7575538.6844
514636.0454 7575509.6907
514604.3199 7575428.6828
514517.5407 7575381.8921
514442.9394 7575448.9368
514368.3382 7575515.9816
514293.7369 7575583.0263
514209.4566 7575612.4508
514122.9980 7575568.5160
514049.3053 7575500.4738
513975.6126 7575432.4317
513901.9200 7575364.3895
513912.0931 7575293.9827
513981.8347 7575221.8962
514051.5762 7575149.8097
514124.0141 7575080.5111
514128.9962 7575006.5081
514056.8079 7574937.4499
513981.0619 7574871.7012
513905.3159 7574805.9526
513874.0380 7574724.6483
513892.2823 7574626.0202
513910.5266 7574527.3922
513912.1132 7574427.6008
513887.3329 7574331.1187
513818.1299 7574262.7131
513725.9356 7574272.8920
513659.8851 7574344.1776
513600.9085 7574425.3077
513541.9318 7574506.4379
513479.4592 7574584.2264
513401.0734 7574646.8044
513322.6876 7574709.3825
513244.3019 7574771.9605
513148.7676 7574746.6654
513052.6050 7574718.1504
512953.6929 7574703.2823
512853.9909 7574692.3343
512754.2889 7574681.3863
512654.6998 7574669.7377
512559.3920 7574656.8864
512505.9360 7574737.6869
512508.6506 7574837.9514
512511.3651 7574938.2159
512514.0797 7575038.4804
512509.1458 7575138.6491
512548.3586 7575230.3457
512598.0844 7575317.4183
512648.4637 7575404.1493
512698.8484 7575490.8772
512749.2331 7575577.6051
512813.4864 7575650.4733
512898.4748 7575703.5972
512980.9029 7575760.7457
513063.3309 7575817.8943
513145.7590 7575875.0429
513196.4944 7575959.9422
513278.2226 7576016.2630
513365.3587 7576065.9224
513447.9722 7576122.7499
513530.2242 7576180.1516
513612.4761 7576237.5533
513679.2876 7576298.2671
513627.8150 7576384.3537
513576.3423 7576470.4404
513553.3274 7576562.9919
513562.5535 7576662.8680
513571.7796 7576762.7440
513580.7711 7576862.6396
513590.1592 7576962.3067
513623.1792 7577053.8545
513720.4021 7577078.0708
513815.2496 7577110.6941
513910.0972 7577143.3174
514004.9448 7577175.9407
514048.2683 7577259.4500
514079.7071 7577354.6968
514111.1459 7577449.9435
514143.0055 7577545.0443
514182.0071 7577636.1265
514258.2928 7577700.4718
514351.6294 7577737.1839
514446.4530 7577769.4859
514546.6288 7577774.5016