515995.8556 7575384.0834
515955.2716 7575294.5618
515871.0844 7575239.3746
515791.8637 7575177.1402
515712.6429 7575114.9057
515633.4221 7575052.6712
515560.9239 7574983.0019
515466.6873 7574951.2072
515369.6692 7574924.0678
515272.6510 7574896.9285
515174.1466 7574881.3697
515143.7271 7574972.3912
515217.0490 7575041.3915
515284.4630 7575116.2541
515351.8770 7575191.1167
515419.2911 7575265.9794
515497.5714 7575316.6285
515598.0321 7575321.0606
515697.7896 7575335.1142
515797.5471 7575349.1677
515897.3047 7575363.2213
515995.8556 7575384.0834