517051.0467 7574832.8481
517074.5830 7574930.6427
517098.1194 7575028.4374
517121.6558 7575126.2320
517129.9936 7575224.1668
517114.8881 7575323.2604
517117.5538 7575423.4292
517130.6154 7575523.1646
517143.6770 7575622.8999
517183.7027 7575710.4078
517260.0045 7575773.7301
517347.7563 7575822.8969
517435.5081 7575872.0636
517523.2599 7575921.2304
517593.1390 7575867.9215
517579.2278 7575768.3571
517572.5569 7575667.9915
517565.8860 7575567.6260
517559.1807 7575467.2650
517537.8624 7575369.6245
517457.9553 7575308.5317
517374.9195 7575251.7619
517291.8837 7575194.9922
517208.8479 7575138.2224
517187.5052 7575042.8857
517172.8422 7574943.3731
517134.7929 7574852.0292
517051.0467 7574832.8481