517529.6038 7577131.4727
517511.5903 7577032.6442
517493.5768 7576933.8157
517468.0088 7576838.0323
517412.4478 7576754.3392
517356.8867 7576670.6462
517319.6767 7576580.1920
517307.6568 7576480.4569
517295.6369 7576380.7218
517278.3988 7576281.9487
517238.1073 7576192.2022
517166.3843 7576123.8776
517075.1292 7576089.2254
516975.1718 7576079.2213
516875.2144 7576069.2171
516809.6882 7576124.4624
516826.6555 7576215.8608
516867.9870 7576307.4138
516909.8289 7576398.7419
516951.6708 7576490.0700
516993.5127 7576581.3981
517005.2117 7576680.6171
517016.2437 7576780.2931
517048.5422 7576873.3956
517114.1135 7576949.5005
517179.5627 7577025.7105
517245.0119 7577101.9205
517331.7543 7577148.8420
517430.5252 7577147.8205
517529.6038 7577131.4727