522935.7959 7579153.4177
522944.1436 7579053.7782
522952.4142 7578954.1350
522953.3562 7578854.1513
522956.5647 7578754.2142
522959.7733 7578654.2771
522934.5582 7578558.9496
522866.4654 7578488.2008
522782.2706 7578434.6840
522705.1244 7578371.4045
522629.6140 7578305.8613
522554.1037 7578240.3182
522480.0290 7578174.0248
522469.3516 7578074.6080
522458.6743 7577975.1911
522508.9748 7577898.9888
522583.0637 7577831.8430
522649.2205 7577761.6002
522625.0873 7577671.8879
522533.4768 7577645.5084
522434.4052 7577659.0196
522335.3337 7577672.5308
522236.2621 7577686.0421
522142.9055 7577717.5801
522054.1450 7577763.6159
521980.7985 7577827.7497
521955.4128 7577922.3780
521948.4215 7578022.0029
521987.8807 7578109.7932
522067.9312 7578166.3259
522155.2699 7578215.0051
522242.6087 7578263.6844
522313.0073 7578321.7549
522308.0181 7578421.6189
522303.0289 7578521.4830
522284.7759 7578619.7569
522266.0182 7578717.9703
522264.0329 7578816.5076
522303.3799 7578904.7868
522381.1205 7578963.9531
522470.3789 7579009.0160
522559.6373 7579054.0789
522640.2929 7579112.8343
522737.0681 7579132.0122
522836.1029 7579145.7905
522935.7959 7579153.4177