597224.2675 7672559.1566
597252.3765 7672359.4118
597185.9510 7672167.3175
597086.1962 7671990.4874
596944.9295 7671856.3664
596743.2620 7671881.3609
596543.5824 7671920.5897
596359.0145 7671884.4592
596173.0060 7671815.9463
595975.5764 7671838.5558
595794.2763 7671927.4813
595660.9172 7672074.4979
595609.7152 7672267.6248
595721.1763 7672408.4334
595904.0341 7672495.2224
596092.2416 7672572.5989
596280.1588 7672650.6884
596468.0760 7672728.7780
596667.9124 7672764.6600
596869.9993 7672744.9554
597063.7499 7672683.4506
597224.2675 7672559.1566