519432.1590 7613975.9605
519476.2321 7614066.7281
519538.7122 7614146.2171
519601.1924 7614225.7061
519650.9575 7614309.4866
519654.8386 7614410.0234
519688.3694 7614503.0274
519764.7762 7614559.1133
519864.4113 7614557.0409
519962.5560 7614532.7534
520057.5793 7614499.8482
520136.1298 7614439.8377
520182.3390 7614352.1830
520210.7801 7614255.1638
520217.9391 7614155.7896
520195.7384 7614057.8808
520143.5229 7613972.9843
520063.2771 7613913.9263
519973.5602 7613867.3931
519883.0486 7613822.3385
519785.7854 7613796.7572
519691.8235 7613828.0900
519598.6187 7613867.2709
519505.6007 7613906.8929
519432.1590 7613975.9605