519211.2688 7614955.3146
519113.1221 7614948.4999
519014.7458 7614947.4182
518919.3709 7614971.4791
518824.0394 7614995.7582
518748.8492 7615048.4537
518757.9636 7615146.4136
518767.0780 7615244.3735
518761.5371 7615337.9966
518704.5836 7615417.7038
518697.6927 7615500.7370
518777.1843 7615554.4810
518871.2480 7615582.5567
518968.0132 7615599.7850
519065.5964 7615612.3042
519136.9149 7615578.0729
519130.3035 7615484.5256
519104.8645 7615389.4884
519079.4255 7615294.4512
519124.4660 7615210.1266
519179.3002 7615128.4469
519234.3917 7615046.9353
519211.2688 7614955.3146