520006.1724 7575503.1411
520090.6795 7575450.9336
520109.2283 7575353.0090
520106.3831 7575253.3863
520067.9002 7575161.5676
520028.8364 7575069.8762
519990.2546 7574977.9811
519951.6906 7574886.0784
519949.9244 7574786.5783
519948.9375 7574686.9173
519946.0608 7574587.2936
519867.5627 7574528.9806
519771.1803 7574504.2347
519671.6317 7574503.9933
519575.9361 7574531.1111
519511.4534 7574605.8174
519506.2332 7574704.3730
519531.5965 7574800.5171
519558.6102 7574896.4522
519583.4001 7574992.5013
519567.3921 7575090.7720
519570.4215 7575190.3849
519580.4910 7575289.2117
519639.8981 7575368.9043
519721.2505 7575426.3929
519810.6637 7575470.3126
519906.7067 7575496.8276
520006.1724 7575503.1411