528134.8928 7573836.6149
528092.0384 7573743.9914
528007.5678 7573687.4975
527921.8809 7573632.0596
527836.1940 7573576.6217
527753.2970 7573518.0939
527688.1118 7573439.6417
527609.0363 7573390.4965
527535.4267 7573441.0980
527499.4794 7573536.4393
527468.0249 7573633.5281
527436.5704 7573730.6168
527432.3294 7573831.6779
527472.2187 7573923.4702
527560.9723 7573965.1800
527662.1603 7573972.9467
527759.6336 7573946.1346
527859.9063 7573928.8391
527961.0506 7573915.2216
528062.1950 7573901.6042
528134.8928 7573836.6149