528868.6893 7578201.4088
528773.1554 7578167.9906
528676.9604 7578142.2655
528577.1263 7578158.8988
528482.3345 7578155.2637
528397.6913 7578101.9993
528309.4248 7578103.7637
528278.7945 7578192.0530
528282.4961 7578293.1956
528207.2016 7578347.5858
528116.7573 7578393.0099
528026.2008 7578438.1837
527932.1229 7578475.5048
527838.0450 7578512.8259
527842.7418 7578575.3639
527907.4167 7578653.2143
527971.7377 7578731.3462
528040.7742 7578800.8193
528137.4922 7578830.6379
528234.2102 7578860.4564
528330.9282 7578890.2749
528428.2478 7578906.2030
528503.0829 7578857.1649
528526.1926 7578759.1587
528540.9306 7578659.0272
528555.6686 7578558.8958
528570.4066 7578458.7643
528548.1083 7578362.2958
528514.0416 7578266.9911
528597.3079 7578283.0030
528695.7079 7578306.6098
528796.3351 7578316.4881
528893.5429 7578290.8160
528868.6893 7578201.4088