537484.9180 7584283.0410
537565.4457 7584341.9139
537664.6770 7584337.5266
537763.9373 7584327.6577
537863.1843 7584317.6201
537962.4313 7584307.5825
538061.7932 7584300.4313
538161.2991 7584305.3374
538260.0793 7584319.2367
538358.0627 7584322.3274
538453.7364 7584294.0917
538549.4102 7584265.8559
538645.0839 7584237.6202
538741.7087 7584213.6193
538830.3341 7584179.0744
538808.5299 7584108.3936
538724.0090 7584057.9939
538627.4079 7584053.4302
538528.3030 7584064.7852
538429.1980 7584076.1402
538330.0931 7584087.4951
538240.9149 7584044.7460
538142.0114 7584049.6812
538078.1436 7584126.0237
538027.4267 7584211.9220
537940.6925 7584239.6722
537841.1954 7584246.8173
537741.6983 7584253.9623
537643.2641 7584246.6010
537544.7240 7584235.0893
537484.9180 7584283.0410