556549.8110 7605225.4432
556637.1738 7605177.2833
556699.8762 7605099.3403
556760.0916 7605019.4579
556820.3070 7604939.5756
556880.6552 7604859.7980
556944.2973 7604782.6178
557007.9393 7604705.4377
557072.6902 7604629.4723
557153.4515 7604571.3450
557203.1668 7604484.5696
557249.2078 7604395.7591
557338.3893 7604359.7269
557427.4445 7604314.8008
557504.0002 7604250.7488
557579.2989 7604184.8915
557654.5976 7604119.0342
557686.0869 7604024.3518
557716.7676 7603929.1374
557772.7016 7603851.6449
557851.8085 7603790.4144
557930.2431 7603728.3332
557995.5145 7603654.2119
558049.6501 7603570.0904
558109.5610 7603490.2641
558174.5472 7603414.2123
558234.6495 7603334.4304
558290.9174 7603251.7200
558347.1853 7603169.0096
558410.0511 7603091.4072
558474.7462 7603015.1163
558538.8443 7602938.3145
558602.9424 7602861.5126
558677.8566 7602795.8497
558754.7780 7602731.9153
558831.1042 7602667.2516
558907.4304 7602602.5878
558995.2559 7602556.3641
559086.9075 7602516.2759
559178.5591 7602476.1876
559269.6617 7602434.8726
559357.9082 7602387.8247
559445.6998 7602339.8693
559533.4914 7602291.9139
559625.6947 7602253.2500
559606.7522 7602163.1194
559573.7127 7602068.6987
559540.6069 7601974.3001
559509.4746 7601879.6657
559518.3858 7601780.1333
559506.3483 7601680.8387
559488.0927 7601582.4831
559469.8370 7601484.1276
559448.3286 7601386.6443
559413.7803 7601292.7928
559375.1155 7601200.5317
559335.4720 7601108.7092
559290.9274 7601019.1883
559239.6878 7600933.3562
559181.1710 7600852.2731
559117.9505 7600774.7519
559053.5121 7600698.2353
558989.0737 7600621.7188
558925.5278 7600544.4889
558862.7728 7600466.7967
558791.9695 7600396.1286
558721.1662 7600325.4605
558692.3234 7600251.5808
558751.5473 7600170.9607
558810.7712 7600090.3405
558903.0090 7600089.6618
558996.9820 7600060.7668
559089.7963 7600023.7157
559159.2287 7599953.9383
559200.0379 7599862.6054
559242.4064 7599772.0526
559291.0226 7599684.6252
559339.6389 7599597.1978
559390.8308 7599511.4545
559454.5587 7599434.7800
559529.6893 7599368.7310
559604.8199 7599302.6819
559690.1781 7599257.4723
559788.3881 7599238.4493
559886.5982 7599219.4263
559981.7497 7599189.9354
560047.2305 7599121.8200
560095.5877 7599034.2491
560143.9449 7598946.6781
560209.7529 7598872.0453
560279.4931 7598800.3278
560349.2332 7598728.6104
560430.4658 7598670.7281
560513.7590 7598615.3267
560597.0523 7598559.9253
560666.1474 7598487.9806
560733.5423 7598414.0549
560800.9372 7598340.1291
560886.6334 7598288.7805
560969.2499 7598232.3877
561051.6496 7598175.6657
561134.0460 7598118.9391
561184.3962 7598032.5936
561234.4706 7597945.9931
561284.5843 7597859.4165
561338.1958 7597774.9653
561384.0190 7597686.0422
561429.9103 7597597.1573
561481.8904 7597511.6870
561533.8705 7597426.2168
561586.2010 7597341.0154
561655.2833 7597268.6641
561723.9993 7597196.0306
561776.1771 7597110.6870
561822.0912 7597021.8450
561853.1047 7596926.7407
561879.8453 7596830.3630
561895.0536 7596731.4905
561909.4193 7596632.4919
561923.6459 7596533.4773
561932.3166 7596433.8202
561944.7503 7596334.5605
561957.1840 7596235.3008
561973.3320 7596137.2948
562019.9848 7596049.5186
562030.5501 7595951.0429
562001.9244 7595855.2145
561968.1322 7595761.0594
561934.3400 7595666.9044
561881.2756 7595594.9759
561783.1428 7595591.8361
561684.8314 7595610.3283
561586.5200 7595628.8204
561489.9682 7595653.9648
561395.3710 7595686.4986
561300.7738 7595719.0324
561203.8191 7595741.1638
561104.5807 7595753.7136
561005.5047 7595767.5346
560906.4452 7595781.4743
560807.3858 7595795.4141
560708.0015 7595798.4215
560608.2890 7595790.3899
560508.5765 7595782.3582
560411.9507 7595760.5006
560318.2900 7595725.3615
560224.6292 7595690.2224
560134.0192 7595648.3817
560042.8362 7595607.8411
559947.3567 7595578.4278
559850.1000 7595555.0647
559752.5150 7595533.0585
559654.9301 7595511.0524
559559.8244 7595480.9589
559466.6716 7595444.4946
559372.1616 7595411.9114
559274.5072 7595392.0134
559174.8794 7595383.8043
559074.9670 7595378.8443
558975.0546 7595373.8844
558876.7672 7595357.9570
558779.7089 7595333.7336
558682.6506 7595309.5102
558592.6305 7595268.6717
558507.7049 7595215.8065
558422.7793 7595162.9413
558398.7768 7595071.6034
558387.5455 7594972.2004
558376.3142 7594872.7975
558351.6822 7594775.9548
558325.4783 7594679.4123
558299.2743 7594582.8699
558328.3641 7594487.9938
558360.3338 7594393.2044
558452.6600 7594391.7470
558552.2211 7594401.4772
558651.7147 7594411.6874
558749.8157 7594426.1471
558840.1281 7594387.4187
558902.5851 7594309.6222
558979.2813 7594245.3977
559055.9774 7594181.1733
559147.7322 7594149.3919
559231.6622 7594099.9561
559304.0744 7594031.1101
559374.5403 7593960.1056
559445.0061 7593889.1010
559483.0598 7593799.2828
559500.4899 7593700.8926
559515.5855 7593602.0028
559542.7753 7593514.5405
559637.2242 7593487.0809
559711.0126 7593419.6144
559779.3744 7593346.5819
559847.7363 7593273.5494
559915.9051 7593200.3394
559980.2294 7593124.1483
560027.0891 7593035.9413
560050.0691 7592942.5451
560006.0313 7592853.2725
559945.2875 7592773.7912
559884.5438 7592694.3098
559837.1281 7592608.5572
559814.6109 7592511.0889
559790.0593 7592414.1550
559751.4845 7592323.0789
559691.4731 7592243.2731
559621.1203 7592172.5671
559543.2431 7592109.7933
559464.3110 7592048.3376
559385.3789 7591986.8818
559319.1522 7591914.7048
559271.8472 7591826.5611
559224.5422 7591738.4173
559174.2802 7591652.0258
559119.6816 7591568.2041
559065.0830 7591484.3824
559009.9094 7591400.9421
558949.4079 7591321.5696
558873.1799 7591259.4194
558783.7619 7591214.5695
558694.3440 7591169.7195
558614.5158 7591112.1964
558547.0517 7591038.3338
558468.9515 7590978.4103
558379.4729 7590933.6919
558289.5594 7590889.8439
558199.6460 7590845.9958
558174.6242 7590776.2914
558185.1124 7590684.6419
558117.4054 7590615.3106
558026.9580 7590574.3089
557931.0066 7590546.0814
557834.5638 7590519.5135
557738.1537 7590492.8265
557641.7437 7590466.1395
557550.5544 7590426.5757
557459.9557 7590384.4909
557366.3843 7590349.2071
557270.3428 7590321.6514
557171.6828 7590306.8163
557071.8165 7590304.3146
556973.1025 7590317.5819
556878.8756 7590349.7697
556790.6069 7590396.4086
556704.6226 7590447.5338
556618.6383 7590498.6590
556527.1404 7590537.9305
556432.6431 7590570.7535
556338.1458 7590603.5764
556239.9334 7590610.6121
556139.9860 7590606.4361
556041.3375 7590619.2963
555944.3509 7590643.6066
555847.8010 7590669.7829
555868.6144 7590616.8429
555865.2123 7590524.2470
555800.0844 7590450.5456
555716.8528 7590395.5123
555622.6556 7590415.5942
555529.4438 7590451.9074
555436.2321 7590488.2206
555340.9740 7590487.9803
555243.8032 7590497.9024
555146.4529 7590520.9239
555078.1994 7590589.2423
555016.7840 7590668.2058
554955.3685 7590747.1692
554867.3452 7590792.4176
554776.2701 7590833.7989
554696.3700 7590853.9240
554678.8269 7590755.4389
554644.9815 7590667.5063
554555.4190 7590627.7923
554457.1548 7590609.0510
554358.8906 7590590.3098
554379.2474 7590518.8331
554431.1654 7590433.3251
554515.4101 7590390.6522
554611.8783 7590364.1763
554708.3465 7590337.7003
554775.5114 7590270.4362
554724.5671 7590187.1581
554628.1714 7590164.6183
554528.4106 7590172.0264
554428.6499 7590179.4345
554328.8017 7590180.9258
554229.7840 7590168.8424
554131.6468 7590149.4471
554033.5096 7590130.0517
553937.9334 7590101.5125
553843.9984 7590067.1135
553750.0633 7590032.7145
553654.0243 7590005.3064
553555.1343 7589992.6793
553455.2958 7589986.4058
553355.4573 7589980.1323
553255.5116 7589979.4563
553155.5997 7589984.1385
553055.7637 7589990.4446
552963.8046 7590023.8378
552875.0048 7590069.8596
552785.5445 7590114.6249
552696.0842 7590159.3903
552632.4178 7590232.7912
552577.6543 7590316.5034
552522.6431 7590400.0549
552461.2032 7590472.6204
552361.4526 7590480.0934
552261.9689 7590490.5090
552162.8260 7590503.8424
552063.6831 7590517.1758
551967.8003 7590518.5392
551889.1105 7590456.7735
551810.4207 7590395.0078
551736.7389 7590328.2473
551673.0947 7590251.1878
551603.6009 7590179.2526
551532.1799 7590109.2088
551460.7589 7590039.1650
551411.1994 7589960.2452
551413.5775 7589860.2381
551415.9557 7589760.2309
551505.0572 7589723.6031
551599.0922 7589689.4807
551603.2558 7589597.5572
551518.8198 7589545.1179
551423.2692 7589515.5008
551327.7186 7589485.8837
551232.4472 7589455.4253
551137.7725 7589423.1952
551041.8253 7589394.8892
550945.8782 7589366.5831
550853.1055 7589331.5891
550770.5117 7589275.1502
550687.9179 7589218.7113
550613.6260 7589154.4502
550553.5375 7589076.8779
550470.1512 7589021.6228
550386.1027 7588967.3739
550302.0542 7588913.1250
550220.4594 7588855.5096
550143.0816 7588792.1079
550065.7039 7588728.7062
549981.9728 7588675.9045
549889.7313 7588637.1954
549797.6877 7588598.0155
549705.6441 7588558.8357
549610.5788 7588529.5465
549512.3543 7588510.5983
549414.1298 7588491.6501
549337.5044 7588439.1783
549279.6532 7588357.5675
549221.8020 7588275.9567
549203.6864 7588182.9400
549209.4446 7588083.0704
549215.2027 7587983.2009
549181.7484 7587893.1998
549105.7044 7587830.6524
549022.7894 7587774.6864
548939.8745 7587718.7203
548877.4777 7587642.0275
548820.6754 7587559.6831
548763.8732 7587477.3387
548710.1452 7587392.9767
548640.6828 7587321.8048
548562.4463 7587259.5684
548483.0600 7587198.7004
548403.6738 7587137.8325
548317.9312 7587086.6253
548229.7247 7587039.4464
548141.2985 7586992.6716
548046.9227 7586960.4322
547953.9452 7586923.7665
547861.6756 7586885.1220
547769.4059 7586846.4775
547692.5306 7586783.2128
547617.3869 7586717.1786
547543.9265 7586649.5484
547481.9803 7586571.0006
547412.7234 7586500.8081
547323.0896 7586458.8524
547224.6583 7586444.0569
547124.6240 7586444.1439
547024.5917 7586444.9289
546924.5593 7586445.7138
546825.2326 7586439.5030
546726.7784 7586422.7725
546627.1010 7586414.3170
546527.3243 7586407.5365
546427.3457 7586404.1644
546327.4238 7586404.1609
546254.8174 7586443.4931
546229.8861 7586540.3718
546196.8557 7586631.0092
546155.8291 7586690.2130
546228.5591 7586749.1464
546327.1174 7586759.0777
546427.0036 7586753.6142
546526.8897 7586748.1508
546625.0227 7586758.2068
546721.1730 7586785.8148
546817.3234 7586813.4227
546825.6217 7586852.1012
546739.3265 7586902.6998
546654.7168 7586903.0656
546563.8078 7586872.5655
546463.8178 7586873.4320
546363.9767 7586879.3085
546300.3786 7586930.7050
546332.9735 7587017.3151
546389.5362 7587099.8242
546383.3687 7587191.8852
546353.9271 7587287.4900
546302.0133 7587308.3503
546224.7307 7587244.8327
546147.4482 7587181.3150
546057.5855 7587139.2770
545962.9856 7587159.6226
545926.6031 7587247.1090
545860.3278 7587320.3377
545773.2955 7587301.5931
545682.1556 7587260.3605
545589.6647 7587222.2485
545494.6028 7587193.6339
545421.7113 7587236.0277
545435.6065 7587320.7408
545500.9094 7587396.1012
545569.5049 7587468.9143
545639.1634 7587540.4835
545724.2732 7587591.0188
545822.2244 7587611.3326
545920.1756 7587631.6463
545885.5686 7587665.9862
545822.7616 7587739.3865
545781.6023 7587830.2683
545744.1320 7587923.0210
545701.6981 7588005.3898
545605.9857 7587976.3000
545510.2732 7587947.2102
545422.1260 7587907.0428
545360.2016 7587828.4779
545298.2772 7587749.9129
545259.3734 7587664.1665
545265.6434 7587564.3278
545195.9993 7587513.2435
545100.2612 7587484.5097
545003.8663 7587457.7684
544910.9624 7587427.6401
544884.7966 7587339.2423
544866.8190 7587430.4457
544882.4082 7587529.0258
544917.2864 7587622.2184
544962.5879 7587711.3611
545009.5959 7587799.6636
545074.3546 7587874.5144
545146.6553 7587943.6497
545212.1554 7588016.3339
545229.7153 7588114.6266
545266.3076 7588207.2798
545325.6086 7588287.6733
545396.1770 7588358.5012
545472.9900 7588422.5471
545555.7055 7588477.3565
545651.6964 7588505.4885
545746.8639 7588536.3143
545842.0314 7588567.1401
545930.5576 7588610.8291
546010.7970 7588670.5678
546091.0365 7588730.3065
546050.5769 7588703.8974
545961.8878 7588658.5686
545867.5272 7588625.5569
545772.4695 7588594.3940
545674.6125 7588574.3789
545575.3892 7588561.8478
545477.4853 7588578.3190
545408.8536 7588648.5162
545378.0204 7588742.9832
545432.0159 7588824.0889
545522.3060 7588865.3212
545610.8139 7588911.8945
545584.6653 7588916.9574
545486.4122 7588898.2667
545387.8543 7588881.1365
545289.2965 7588864.0064
545208.2162 7588813.1827
545137.4476 7588742.4798
545075.1787 7588664.5638
545016.9287 7588583.2371
544958.6788 7588501.9105
544900.4288 7588420.5838
544864.5275 7588328.5503
544804.5726 7588252.2305
544731.6184 7588183.7851
544658.6642 7588115.3397
544584.3064 7588048.4743
544513.1316 7588069.2391
544518.0444 7588152.3203
544564.5815 7588240.8718
544611.1187 7588329.4234
544627.2150 7588419.5200
544584.8424 7588509.8077
544532.9823 7588595.3508
544481.1222 7588680.8938
544429.2621 7588766.4369
544387.9928 7588857.0029
544346.4025 7588947.6584
544298.7840 7589035.6332
544213.5027 7589053.0030
544194.1786 7589151.1543
544174.8545 7589249.3055
544157.6991 7589347.6095
544165.3859 7589447.2080
544185.0562 7589545.2904
544211.2879 7589640.8371
544262.6886 7589726.6570
544314.0893 7589812.4769
544378.3778 7589885.1987
544465.0184 7589935.2037
544551.6589 7589985.2087
544617.3407 7590054.6713
544671.6829 7590137.5800
544743.0458 7590207.2162
544820.1549 7590270.9443
544897.2640 7590334.6724
544962.9548 7590408.6343
545017.8907 7590492.2353
545084.3542 7590565.5500
545153.9381 7590636.8541
545217.9357 7590713.7397
545282.6794 7590789.9724
545350.3908 7590863.6084
545418.1022 7590937.2443
545429.5088 7591019.5193
545467.3242 7591041.6329
545566.0248 7591029.9631
545635.9260 7591047.8284
545600.5740 7591141.4089
545565.2219 7591234.9895
545526.0969 7591326.9242
545506.3732 7591420.4107
545559.2512 7591489.3257
545643.5331 7591467.4940
545691.2715 7591383.8443
545723.1623 7591289.0283
545755.0532 7591194.2124
545782.4876 7591098.0474
545808.5362 7591001.4630
545834.5847 7590904.8785
545895.1490 7590827.2795
545962.7742 7590753.5644
546029.0548 7590687.1327
546065.9022 7590780.1346
546102.7496 7590873.1365
546134.5637 7590967.8842
546163.2152 7591063.7287
546191.8666 7591159.5733
546205.5723 7591258.0218
546223.9037 7591355.8976
546249.1596 7591452.6923
546274.4155 7591549.4871
546323.5824 7591635.4097
546390.1496 7591709.7951
546459.2402 7591782.1385
546528.3308 7591854.4820
546450.1680 7591840.8082
546351.9075 7591822.0677
546253.0374 7591806.8428
546154.1674 7591791.6179
546074.0537 7591804.2642
546130.0853 7591887.1264
546188.0441 7591968.6608
546246.0030 7592050.1952
546270.3320 7592137.6424
546243.6596 7592234.0564
546259.1186 7592329.0550
546330.2230 7592393.1866
546418.4253 7592440.1912
546507.8354 7592485.0569
546597.1425 7592529.9976
546612.4278 7592628.8506
546596.3609 7592727.5873
546580.2940 7592826.3240
546564.2271 7592925.0607
546540.5279 7593013.2925
546444.5719 7593007.3555
546372.0870 7593076.2976
546299.6020 7593145.2398
546227.1171 7593214.1819
546151.9572 7593242.7747
546074.0562 7593249.7855
546021.3248 7593331.4039
545991.8396 7593426.8260
545970.2625 7593524.4649
545951.0898 7593622.6458
545931.9171 7593720.8267
545884.1781 7593805.5413
545877.7275 7593899.0638
545913.7126 7593991.5159
545957.7419 7594081.3371
546001.2234 7594171.4265
546044.4285 7594261.6508
546087.6335 7594351.8750
546122.8237 7594445.4315
546163.0132 7594536.9823
546205.2596 7594627.6586
546247.6499 7594718.2685
546254.9823 7594798.6002
546176.0101 7594858.5412
546126.3801 7594942.0746
546118.6175 7595040.3125
546132.6747 7595139.3553
546146.7319 7595238.3981
546151.2450 7595337.7615
546168.3775 7595432.4819
546214.5358 7595521.2315
546260.6941 7595609.9812
546269.6045 7595703.9009
546249.3628 7595801.8671
546263.2367 7595896.9751
546320.2316 7595977.4801
546386.9509 7596052.0162
546453.6701 7596126.5523
546533.9876 7596184.9155
546623.0221 7596230.2584
546713.3855 7596273.1717
546805.5282 7596312.0442
546899.9701 7596344.9091
546994.9316 7596376.3636
547042.1015 7596429.1768
547019.1395 7596523.9503
547033.3683 7596622.3935
547060.2547 7596718.7481
547087.1412 7596815.1026
547072.7153 7596912.3422
547057.0485 7597011.0921
547042.7617 7597110.1021
547028.4749 7597209.1120
546979.7751 7597295.7352
546954.0204 7597391.9844
546930.8587 7597489.3015
546910.7859 7597587.1185
546904.6723 7597686.8732
546915.9302 7597784.7804
546954.8822 7597876.9207
546993.8342 7597969.0609
547002.2932 7598064.5623
546984.3451 7598162.9745
546966.3970 7598261.3867
546946.9069 7598359.4954
546930.6676 7598458.1249
546960.6607 7598545.2577
547027.2306 7598619.8490
547095.5521 7598692.9192
547177.1589 7598749.0513
547253.5942 7598812.9390
547327.3883 7598880.4779
547410.1376 7598935.7183
547507.2367 7598959.1930
547604.7496 7598978.3737
547701.3895 7598954.1347
547793.1653 7598914.3315
547884.9410 7598874.5282
547963.5682 7598817.9790
548024.0080 7598738.2663
547994.5961 7598804.9031
547996.1446 7598903.1693
548070.9031 7598969.6001
548136.5242 7599045.1048
548202.1453 7599120.6096
548218.3203 7599176.5262
548118.7942 7599186.6077
548019.2681 7599196.6892
547942.0709 7599151.2660
547866.8957 7599086.2499
547829.0149 7599141.8978
547832.8683 7599241.8589
547836.7602 7599341.8181
547843.3653 7599441.6352
547849.9703 7599541.4524
547863.0833 7599636.6560
547955.8336 7599644.6211
548049.6079 7599609.7862
548126.1277 7599593.5902
548098.6187 7599689.7689
548096.7450 7599774.4205
548181.5752 7599827.3375
548265.9346 7599881.1016
548318.8137 7599960.1159
548352.9885 7600054.1327
548387.1633 7600148.1495
548358.3402 7600232.5429
548297.6551 7600312.0690
548236.0944 7600390.8980
548187.8327 7600475.2111
548206.2873 7600557.1899
548291.4803 7600609.6230
548378.4112 7600659.0216
548466.7479 7600705.9652
548555.0847 7600752.9088
548537.1431 7600849.9156
548510.7620 7600943.7117
548434.8725 7601005.9271
548390.7869 7601095.7243
548390.1306 7601169.6992
548481.6479 7601210.0931
548573.1653 7601250.4870
548666.2620 7601286.9394
548760.3492 7601320.9201
548857.8514 7601340.0129
548957.5380 7601348.1844
549057.3359 7601355.0730
549157.1339 7601361.9616
549237.4489 7601315.5800
549304.7456 7601241.5649
549370.9529 7601210.2179
549434.3850 7601287.5708
549497.8170 7601364.9236
549477.0892 7601396.7756
549395.3864 7601439.1328
549410.1582 7601530.8213
549439.6440 7601626.4125
549444.7059 7601724.1910
549493.8960 7601806.8551
549565.5746 7601876.3741
549661.8080 7601889.6408
549691.7628 7601799.2169
549717.0130 7601702.4206
549754.0839 7601655.0733
549820.3807 7601729.9854
549871.0336 7601814.2807
549905.9066 7601908.0408
549940.7796 7602001.8010
549949.0336 7602100.0092
549946.5391 7602200.0135
549893.9336 7602280.4833
549836.0955 7602359.5356
549818.9287 7602458.0417
549796.3923 7602555.5056
549773.8560 7602652.9694
549768.2907 7602752.5929
549821.4786 7602834.4872
549887.9729 7602909.2063
549954.7437 7602983.6962
550009.9171 7603064.7081
550044.8941 7603157.9187
550093.3497 7603245.4353
550141.8052 7603332.9518
550172.3057 7603424.5605
550166.5577 7603524.4307
550160.8098 7603624.3008
550147.0507 7603722.8235
550141.4753 7603818.6775
550185.4129 7603906.7858
550247.8409 7603984.9513
550310.2688 7604063.1167
550389.9657 7604117.3225
550481.3818 7604157.5494
550570.7596 7604202.4794
550660.1373 7604247.4094
550747.8685 7604295.3973
550837.1703 7604340.2572
550930.0548 7604377.2026
551024.0107 7604411.5446
551117.9666 7604445.8865
551216.4411 7604459.4245
551316.3893 7604462.9696
551416.3964 7604465.3518
551516.4034 7604467.7340
551613.1586 7604445.5949
551709.0879 7604417.2285
551805.6206 7604391.3147
551903.4188 7604370.4046
552000.4725 7604346.1631
552097.5263 7604321.9216
552194.6401 7604319.3533
552293.0726 7604330.3365
552393.0113 7604325.9405
552488.9953 7604304.7780
552580.3643 7604264.0496
552674.5732 7604231.4883
552768.0097 7604222.2206
552844.9482 7604286.1546
552921.8867 7604350.0885
552992.5894 7604419.2664
553044.1201 7604504.9265
553101.3834 7604586.9509
553158.6467 7604668.9753
553188.4868 7604757.5440
553195.5774 7604853.6098
553256.0583 7604926.2786
553349.3427 7604958.7580
553448.2410 7604973.7979
553547.1394 7604988.8378
553645.9518 7605004.4208
553744.6625 7605020.6472
553843.3731 7605036.8736
553930.7879 7605076.9566
554005.8959 7605143.0314
554081.8139 7605208.1647
554167.3970 7605257.6494
554261.3342 7605291.8618
554356.3327 7605323.2045
554451.3312 7605354.5472
554528.0643 7605416.8817
554603.5075 7605482.5658
554700.5075 7605506.2628
554799.3418 7605521.6874
554899.0596 7605529.6001
554998.7903 7605537.4019
555098.5210 7605545.2037
555198.4104 7605550.6030
555298.3433 7605555.1319
555398.3314 7605552.1187
555497.8657 7605542.1316
555596.8433 7605527.6260
555694.5571 7605506.2055
555789.8956 7605475.9172
555884.5907 7605443.6696
555979.2948 7605411.4481
556073.9989 7605379.2266
556168.7030 7605347.0052
556265.0688 7605320.1597
556360.5394 7605290.2861
556455.1754 7605257.8653
556549.8110 7605225.4432