542636.6105 7640883.3335
542561.2497 7640936.4884
542531.4162 7641030.3247
542509.7376 7641126.5141
542495.0966 7641223.3287
542510.1793 7641319.2475
542556.7822 7641405.5814
542616.7782 7641483.8247
542677.8714 7641561.2197
542738.9646 7641638.6146
542769.5039 7641725.7325
542775.5302 7641823.3969
542824.4581 7641900.2118
542912.5667 7641942.8567
543007.8902 7641948.6987
543067.5378 7641886.0656
543103.7391 7641794.3497
543053.6718 7641714.8229
542993.4771 7641636.7271
542933.2824 7641558.6313
542919.3226 7641462.3200
542910.0733 7641364.1528
542898.5879 7641266.2232
542886.9925 7641168.3054
542848.3642 7641077.8086
542797.0954 7640993.6134
542725.5090 7640925.9881
542636.6105 7640883.3335