565118.0492 7630722.6801
565161.9635 7630631.9197
565194.7023 7630536.4984
565224.8908 7630440.5621
565231.7466 7630339.9140
565238.6024 7630239.2658
565268.4979 7630146.8891
565315.4415 7630058.7688
565345.0409 7629962.3983
565350.1235 7629863.8958
565330.9655 7629764.8867
565309.3056 7629666.3580
565255.6851 7629587.4225
565163.4587 7629556.7868
565075.5652 7629591.7676
565016.1200 7629670.6789
564981.2793 7629764.7972
564952.8188 7629861.5807
564928.8219 7629959.5218
564929.4984 7630059.3908
564960.0517 7630154.6589
564998.1171 7630248.0831
565036.1825 7630341.5073
565019.2268 7630438.7304
565047.5673 7630533.6286
565082.8083 7630628.1543
565118.0492 7630722.6801