565237.8164 7635685.8696
565179.8457 7635766.6068
565192.8620 7635864.1794
565233.3144 7635954.6925
565275.6037 7636044.6410
565280.4470 7636142.9158
565323.0854 7636230.7950
565413.8740 7636230.4273
565512.7959 7636234.2391
565611.8814 7636242.0596
565710.9670 7636249.8800
565809.8079 7636259.8618
565893.8916 7636240.3274
565922.9728 7636153.0272
565870.6908 7636085.5522
565776.6822 7636053.2801
565682.6736 7636021.0080
565595.1136 7635981.6955
565553.3063 7635891.6706
565496.2514 7635810.4257
565424.3431 7635741.9604
565336.7643 7635694.9596
565237.8164 7635685.8696