518163.6721 7630280.7533
518258.0890 7630280.2970
518333.6480 7630216.2084
518399.7186 7630142.3518
518456.5310 7630061.0215
518510.6238 7629977.8669
518560.8461 7629892.3036
518611.0685 7629806.7402
518660.3980 7629720.6735
518679.0940 7629633.0482
518626.9231 7629549.6206
518550.4777 7629504.7960
518468.9467 7629545.0546
518423.1735 7629633.0784
518377.4004 7629721.1022
518299.3475 7629759.6741
518221.3863 7629807.4546
518190.2089 7629898.0527
518176.2058 7629996.2733
518162.2028 7630094.4939
518129.6640 7630188.1375
518163.6721 7630280.7533