520558.0912 7635283.9811
520648.5031 7635305.5132
520738.1787 7635263.9897
520827.8543 7635222.4662
520918.2149 7635221.5498
521012.8545 7635235.8363
521111.1509 7635225.6507
521209.4472 7635215.4652
521307.1093 7635223.3917
521394.6721 7635192.2843
521455.5863 7635117.4077
521484.3673 7635023.9960
521504.6107 7634927.2689
521499.2571 7634829.3987
521459.6013 7634740.1212
521380.3958 7634683.1846
521295.9838 7634721.3903
521211.4231 7634772.5313
521127.0718 7634824.0146
521043.0426 7634876.0242
520956.6531 7634923.5983
520866.5725 7634964.2359
520776.4920 7635004.8734
520689.1148 7634991.9169
520601.0118 7634995.6955
520569.5205 7635088.6108
520550.5919 7635185.5838
520558.0912 7635283.9811