538730.7588 7635081.8513
538697.5884 7635173.0732
538743.0994 7635261.6427
538803.9341 7635340.7687
538865.0485 7635419.6734
538928.0262 7635497.1045
538991.0039 7635574.5357
539049.4727 7635654.7688
539091.0122 7635745.5226
539132.5516 7635836.2763
539162.6946 7635929.7634
539166.8392 7636029.4860
539170.9838 7636129.2086
539170.9363 7636228.8263
539163.1308 7636328.3101
539158.1997 7636427.9969
539153.2687 7636527.6836
539151.7673 7636627.3697
539156.7439 7636727.0542
539161.7205 7636826.7387
539160.0923 7636926.1609
539147.2260 7637025.1368
539134.3597 7637124.1127
539116.7876 7637222.1751
539094.7290 7637319.4351
539077.5946 7637417.7620
539060.4601 7637516.0890
539058.7220 7637613.9980
539096.5983 7637703.9643
539157.4277 7637783.0943
539218.2571 7637862.2243
539261.1846 7637949.5711
539288.6325 7638045.1688
539336.1584 7638131.7457
539408.3612 7638198.2490
539491.4205 7638253.3457
539571.2027 7638313.3171
539650.9849 7638373.2886
539730.9482 7638433.0175
539811.0929 7638492.5036
539891.2377 7638551.9897
539962.6926 7638620.5651
540027.0920 7638696.7972
540092.8381 7638771.8919
540158.5843 7638846.9866
540228.6845 7638917.7834
540302.9204 7638984.4976
540377.1564 7639051.2119
540434.4163 7639130.3701
540475.6960 7639221.2423
540516.9756 7639312.1145
540578.8611 7639386.4152
540656.8281 7639448.6801
540733.6061 7639512.4524
540810.3841 7639576.2248
540839.5410 7639670.7283
540876.8116 7639763.2814
540937.0649 7639842.7085
541001.4349 7639918.9820
541065.9161 7639995.1657
541144.5822 7640056.4874
541240.2963 7640084.7509
541336.0326 7640112.9701
541431.8618 7640140.7655
541528.7337 7640122.8429
541595.3717 7640049.6156
541625.9101 7639955.3389
541622.5711 7639855.5919
541616.4191 7639755.9730
541610.2671 7639656.3541
541620.4986 7639562.3934
541681.2217 7639484.0602
541706.3276 7639391.9288
541679.6925 7639296.3221
541634.1046 7639207.8340
541580.1738 7639123.8665
541528.2669 7639038.6173
541476.3599 7638953.3680
541447.0137 7638862.9877
541456.9453 7638763.6744
541456.0196 7638664.8365
541426.1716 7638570.7660
541375.4805 7638484.9284
541307.6393 7638415.0731
541221.3405 7638364.9326
541135.3328 7638314.2923
541049.3251 7638263.6519
540992.7357 7638185.6747
540942.7300 7638099.4051
540885.3647 7638017.8204
540825.9048 7637937.6563
540766.4450 7637857.4921
540726.1131 7637767.2437
540693.5682 7637672.8901
540661.0233 7637578.5365
540614.2566 7637490.8226
540551.6660 7637413.4802
540485.4440 7637338.8048
540419.2220 7637264.1294
540358.7997 7637184.8008
540303.4386 7637101.7825
540249.1214 7637018.0483
540194.8042 7636934.3141
540140.3674 7636850.6577
540077.7555 7636773.1298
540012.7096 7636697.4278
539947.6637 7636621.7257
539885.6020 7636543.5811
539824.2491 7636464.8563
539762.8962 7636386.1315
539703.8429 7636305.6792
539643.5622 7636226.1376
539582.7158 7636147.0207
539521.8330 7636067.9318
539460.9503 7635988.8428
539405.2874 7635906.0585
539348.7254 7635823.8348
539286.9855 7635745.4682
539224.0541 7635667.9994
539157.5698 7635593.5968
539090.1414 7635520.0088
539022.7131 7635446.4208
538996.1148 7635351.6375
538967.0106 7635256.2104
538901.2574 7635182.6560
538821.3844 7635123.0439
538730.7588 7635081.8513