548396.6802 7625861.2293
548305.2894 7625901.4669
548214.4434 7625942.9567
548128.6591 7625993.4697
548054.9416 7626059.9916
547990.9688 7626136.5550
547929.6089 7626215.3546
547868.2490 7626294.1541
547806.9311 7626372.9864
547746.0354 7626452.1442
547685.3858 7626531.4918
547624.7363 7626610.8393
547542.8453 7626624.1741
547447.3034 7626595.0854
547351.7615 7626565.9967
547256.1986 7626536.9771
547157.5446 7626525.3326
547057.9477 7626529.7377
546961.5257 7626553.8840
546866.1837 7626583.6212
546770.8416 7626613.3583
546676.7210 7626646.6843
546583.4272 7626682.3247
546490.2748 7626718.3390
546400.4901 7626761.8040
546314.1552 7626811.9351
546228.6279 7626863.5053
546143.1007 7626915.0755
546058.2216 7626967.7005
545973.5789 7627020.7102
545888.9362 7627073.7198
545799.1746 7627116.9877
545710.4941 7627162.7354
545622.9315 7627210.7686
545535.3688 7627258.8019
545445.0526 7627301.2599
545353.6892 7627341.5976
545262.3258 7627381.9353
545167.2351 7627411.6715
545071.0460 7627438.5327
544977.3876 7627472.8973
544886.6812 7627514.5740
544796.8337 7627558.1839
544707.0127 7627601.8484
544617.1916 7627645.5130
544522.2450 7627675.1224
544427.2559 7627705.7155
544333.1991 7627739.2941
544242.4071 7627780.5979
544176.9744 7627852.8364
544146.1992 7627946.5564
544123.1501 7628043.7322
544100.1009 7628140.9080
544045.2114 7628222.2289
543981.5525 7628299.1832
543917.8937 7628376.1374
543839.1100 7628436.5230
543761.3653 7628499.0985
543702.2211 7628578.8650
543647.1834 7628662.2028
543593.2043 7628746.2289
543540.3917 7628830.9930
543490.1146 7628917.2773
543447.6863 7629007.6041
543403.6058 7629097.2049
543358.7810 7629186.4525
543313.9562 7629275.7002
543239.6677 7629340.5050
543160.2334 7629401.0410
543094.7764 7629476.0566
543031.4740 7629553.3044
542968.1716 7629630.5521
542899.7349 7629703.2527
542851.3162 7629790.2552
542822.0059 7629885.5610
542816.8057 7629985.0667
542815.2667 7630084.9256
542813.8654 7630184.7877
542828.0288 7630283.5460
542889.4990 7630361.2539
542956.6501 7630435.1784
543023.8630 7630509.0488
543084.4696 7630584.5913
543060.4953 7630681.5431
543036.5209 7630778.4948
543020.5290 7630875.6494
543039.5477 7630973.6937
543059.9949 7631071.4098
543091.3652 7631165.4800
543148.3112 7631246.7571
543224.5390 7631310.6151
543306.0224 7631332.3437
543366.0322 7631252.8409
543413.7247 7631165.2526
543453.3851 7631073.5980
543491.6923 7630981.3647
543529.9995 7630889.1315
543569.3711 7630797.3598
543608.4129 7630705.4814
543643.9822 7630612.1581
543679.5515 7630518.8349
543724.3519 7630430.6247
543784.5958 7630350.9687
543844.8397 7630271.3127
543906.6317 7630192.8939
543968.1432 7630114.3571
544022.5403 7630030.6670
544073.2107 7629944.6036
544123.8811 7629858.5401
544184.2961 7629780.8772
544261.9543 7629718.0790
544339.6125 7629655.2808
544423.4639 7629603.1413
544516.4775 7629566.7699
544608.3389 7629527.7415
544696.3922 7629480.9143
544769.9006 7629416.4132
544828.5638 7629335.6667
544890.8153 7629257.5696
544953.0669 7629179.4726
545026.9974 7629115.9175
545116.6885 7629071.9869
545201.4185 7629019.9307
545272.1139 7628950.5812
545334.1394 7628872.3044
545396.1649 7628794.0277
545455.4748 7628713.7408
545512.0640 7628631.4484
545568.4972 7628549.0488
545624.9303 7628466.6491
545704.7592 7628425.4944
545804.4413 7628419.3395
545904.1235 7628413.1847
545999.7238 7628433.6090
546096.9785 7628451.6015
546191.1502 7628427.6062
546282.5527 7628387.3571
546366.5612 7628334.3851
546438.7838 7628265.9235
546507.0572 7628193.0322
546575.3306 7628120.1409
546646.9126 7628050.5693
546720.0346 7627982.5430
546793.1565 7627914.5166
546879.2233 7627865.5698
546965.6685 7627815.7558
547050.9076 7627763.7106
547133.3272 7627707.3829
547196.0246 7627631.1221
547244.2498 7627543.7999
547290.3954 7627455.2280
547336.5410 7627366.6560
547391.0201 7627283.0130
547440.6394 7627196.3690
547473.8321 7627102.3460
547505.3114 7627007.5649
547536.7907 7626912.7838
547572.0036 7626819.3334
547612.1859 7626727.9129
547652.7530 7626636.6511
547693.3202 7626545.3894
547753.7933 7626466.0376
547815.0324 7626387.1442
547876.2716 7626308.2507
547938.8264 7626230.3972
548004.3624 7626155.0399
548070.0438 7626079.8046
548135.7253 7626004.5693
548225.7818 7625962.1613
548316.7976 7625921.0453
548396.6802 7625861.2293