566890.8378 7626167.4536
566982.1118 7626129.0988
567033.4220 7626042.4802
567083.7672 7625955.3553
567125.4683 7625863.7307
567164.0773 7625770.7530
567202.6863 7625677.7752
567246.0491 7625587.6006
567308.7248 7625508.8143
567371.4005 7625430.0280
567446.0378 7625368.5791
567529.2120 7625319.6370
567568.4360 7625231.7318
567557.8402 7625133.5202
567531.5876 7625036.6356
567513.7784 7624937.5480
567495.9691 7624838.4603
567475.6447 7624739.8772
567433.4201 7624649.4573
567383.6623 7624561.9377
567333.9046 7624474.4180
567296.9389 7624381.0377
567258.5827 7624287.9849
567203.1893 7624204.3050
567139.8805 7624126.0693
567063.4523 7624060.9208
566975.1463 7624013.0474
566877.4546 7623990.3003
566782.9901 7624021.9529
566709.9266 7624090.9896
566611.8394 7624113.2608
566513.5905 7624135.2305
566415.3415 7624157.2003
566328.5729 7624157.5843
566291.8664 7624063.8391
566264.6488 7623968.8801
566276.3455 7623868.8876
566278.1053 7623769.9224
566229.3065 7623730.5501
566171.5157 7623809.3386
566146.9449 7623906.2729
566150.6737 7624005.4073
566178.2010 7624102.1196
566211.0579 7624197.2823
566243.9148 7624292.4450
566276.7717 7624387.6077
566212.9514 7624457.0633
566202.0515 7624556.0719
566193.7808 7624656.4069
566185.4882 7624756.7353
566136.6910 7624844.7941
566087.8937 7624932.8529
566043.0042 7625022.2799
566026.2107 7625121.5447
566009.4173 7625220.8096
565992.6238 7625320.0744
565958.8715 7625414.2727
565957.8419 7625513.2949
566043.6699 7625526.7669
566143.1833 7625511.5157
566242.6967 7625496.2644
566338.9128 7625495.4139
566421.8750 7625552.4471
566504.8373 7625609.4803
566511.3471 7625705.3322
566555.8896 7625794.1547
566619.4228 7625872.1460
566683.7612 7625949.5804
566748.0997 7626027.0149
566812.1853 7626104.6586
566890.8378 7626167.4536