469328.8138 7580062.6734
469364.3751 7579969.3966
469388.5556 7579872.3748
469412.7362 7579775.3530
469436.9168 7579678.3312
469479.4871 7579590.6803
469526.6864 7579504.9051
469485.4749 7579436.3686
469399.1944 7579385.8363
469312.8144 7579335.4735
469226.4344 7579285.1106
469140.0544 7579234.7478
469058.8727 7579176.4760
468988.0995 7579106.0322
468918.5181 7579034.2245
468848.9367 7578962.4168
468784.2336 7578889.2397
468806.2838 7578791.7117
468828.3340 7578694.1837
468854.6324 7578598.0111
468893.1401 7578505.7339
468931.6478 7578413.4567
468967.8846 7578320.3331
468998.4698 7578225.1422
469027.5364 7578129.4706
469056.6029 7578033.7990
469083.3119 7577937.5083
469105.4792 7577840.0094
469128.6262 7577742.7358
469151.7731 7577645.4623
469184.8251 7577552.1046
469234.4519 7577465.2996
469284.0786 7577378.4946
469349.5595 7577308.1192
469438.0782 7577261.6181
469506.0853 7577195.6787
469547.7661 7577104.7907
469589.4468 7577013.9026
469639.6752 7576927.5973
469690.5591 7576841.5284
469741.0624 7576755.2304
469791.3948 7576668.8327
469841.6999 7576582.4190
469892.0049 7576496.0053
469956.8159 7576420.0342
469954.0903 7576321.0925
469948.7157 7576221.2475
469943.2628 7576121.4073
469936.1369 7576021.6719
469929.3524 7575921.9253
469929.9090 7575821.9373
469930.4656 7575721.9492
469931.4557 7575621.9759
469936.8189 7575522.1771
469931.1442 7575422.3585
469920.6116 7575322.9251
469910.0790 7575223.4918
469901.3509 7575124.0157
469907.1579 7575024.1948
469906.8206 7574925.7376
469859.3327 7574837.7442
469811.8449 7574749.7509
469774.4799 7574658.8288
469755.4279 7574563.1428
469699.2285 7574480.5296
469637.7954 7574401.6379
469576.3622 7574322.7463
469517.8449 7574241.8525
469466.2818 7574156.1835
469414.7187 7574070.5146
469364.7171 7573983.9686
469318.8335 7573895.1314
469273.9899 7573805.7615
469229.1463 7573716.3916
469190.6192 7573624.7049
469167.0415 7573527.5349
469143.4638 7573430.3648
469129.7801 7573332.1424
469118.4821 7573234.3460
469084.3446 7573140.3813
469047.5195 7573047.4232
469009.7669 7572954.8346
468972.0142 7572862.2459
468936.8755 7572768.6968
468901.5135 7572675.3318
468859.8552 7572584.4334
468815.8741 7572494.6926
468762.1285 7572410.8771
468695.8784 7572336.1685
468622.7423 7572268.0953
468544.4936 7572205.9607
468461.9070 7572149.6875
468377.0943 7572096.7277
468291.5095 7572045.0573
468202.1343 7572000.8503
468107.4098 7571969.3552
468010.0515 7571946.7370
467911.9525 7571927.3848
467813.9081 7571907.7606
467715.9437 7571887.7379
467617.9794 7571867.7152
467521.1104 7571843.4945
467425.8534 7571813.0969
467330.5963 7571782.6994
467234.9579 7571753.5681
467137.4298 7571733.2828
467037.9306 7571731.3429
466942.6007 7571755.5190
466860.6964 7571810.8972
466795.6719 7571886.1778
466739.7377 7571969.0590
466683.8034 7572051.9401
466620.7321 7572128.7527
466547.9218 7572197.2843
466475.1115 7572265.8159
466392.1710 7572318.6727
466302.4809 7572362.4661
466225.2917 7572424.2852
466156.3467 7572496.7042
466087.4017 7572569.1232
466007.7442 7572627.6383
465920.1382 7572675.8369
465832.5321 7572724.0355
465743.0639 7572768.5646
465657.0171 7572818.9738
465573.7318 7572874.3045
465490.4466 7572929.6351
465433.1897 7572883.3594
465386.7643 7572794.8009
465340.3390 7572706.2424
465311.5121 7572619.4037
465374.2046 7572541.5090
465436.8272 7572463.5585
465499.0931 7572385.3225
465558.9257 7572305.4796
465603.7342 7572216.3264
465634.2866 7572121.1551
465657.3012 7572023.9538
465666.1152 7571924.8457
465649.1268 7571826.7370
465608.4794 7571736.0725
465547.1193 7571657.1240
465485.7592 7571578.1756
465437.6909 7571491.5372
465399.8336 7571398.9913
465355.4976 7571309.5883
465289.8114 7571236.4446
465205.4626 7571183.7165
465116.5856 7571137.9039
465039.6152 7571080.6837
464997.2116 7570990.1344
464952.4658 7570900.7390
464901.0529 7570815.2859
464833.1585 7570743.5669
464747.7736 7570691.5348
464662.3886 7570639.5027
464575.2228 7570590.7180
464485.4488 7570546.6890
464395.6748 7570502.6600
464313.8775 7570447.4454
464243.0043 7570376.9124
464172.1311 7570306.3793
464096.8967 7570240.6218
464020.2378 7570176.4241
463966.1442 7570093.6435
463916.7210 7570006.7999
463858.6614 7569925.3935
463800.6019 7569843.9870
463776.6084 7569751.2837
463774.5214 7569651.3159
463750.3092 7569555.2627
463717.9677 7569460.6480
463685.6262 7569366.0333
463670.1850 7569267.6752
463659.5481 7569168.2529
463648.9113 7569068.8307
463681.7886 7568975.5449
463719.5051 7568882.9415
463757.2217 7568790.3381
463754.8287 7568691.1670
463712.1915 7568600.7754
463669.3135 7568510.4460
463628.4494 7568419.7843
463640.0336 7568320.4680
463651.6178 7568221.1516
463667.7613 7568123.0042
463705.3904 7568030.3653
463743.0196 7567937.7264
463774.5760 7567843.6567
463781.7598 7567743.9298
463776.2017 7567646.2066
463726.8304 7567560.3489
463659.6072 7567486.3289
463592.3840 7567412.3089
463532.1753 7567333.1294
463476.4606 7567250.4013
463414.0772 7567172.2589
463357.4722 7567090.5749
463314.7267 7567000.2194
463268.2420 7566911.6920
463221.7573 7566823.1646
463176.0291 7566734.2528
463106.1731 7566680.6189
463007.6834 7566684.1076
462909.9943 7566705.4326
462852.2956 7566755.0292
462864.7730 7566854.2372
462877.2504 7566953.4453
462886.5682 7567052.9686
462904.3101 7567151.0593
462927.8249 7567248.2446
462952.2016 7567345.2150
462980.2793 7567441.1491
463010.1418 7567536.5753
463040.0042 7567632.0015
463036.7819 7567728.8669
463015.3189 7567826.5258
462993.8559 7567924.1847
462930.3002 7567995.9842
462848.0492 7568049.6530
462751.0903 7568074.0842
462719.9270 7568154.0417
462735.8108 7568252.7617
462751.6946 7568351.4816
462713.3909 7568422.3559
462635.4447 7568483.1858
462597.9508 7568573.3043
462570.6837 7568669.5043
462535.4542 7568739.1108
462457.1633 7568677.3679
462371.5302 7568625.7452
462282.0920 7568582.7289
462186.2795 7568554.1301
462090.4671 7568525.5312
462085.1610 7568441.8128
462001.6173 7568399.6110
461911.1041 7568357.1224
461827.8726 7568307.7948
461791.1383 7568214.7974
461769.8863 7568124.2508
461831.7828 7568095.1926
461889.6165 7568176.7597
461956.8707 7568247.8318
462049.8746 7568277.3300
462149.6440 7568283.9624
462249.5629 7568287.5315
462253.8629 7568200.2861
462223.5036 7568105.0168
462192.8560 7568009.8412
462161.4462 7567914.9131
462147.5008 7567817.4531
462150.6602 7567717.5134
462153.8197 7567617.5737
462148.7044 7567517.9301
462076.1225 7567463.4303
461986.5343 7567489.4745
461897.3954 7567534.7755
461851.6935 7567620.6004
461807.4545 7567710.2531
461762.7080 7567799.6717
461734.3876 7567836.9088
461748.9299 7567737.9823
461709.1706 7567650.7769
461689.0947 7567554.5776
461716.2590 7567464.4225
461771.3400 7567380.9719
461802.5398 7567287.8653
461774.7407 7567209.3621
461680.8746 7567243.8160
461587.0084 7567278.2699
461492.4136 7567303.2343
461394.2853 7567290.3835
461332.6895 7567277.2717
461369.7232 7567184.3931
461372.3885 7567102.0527
461291.5389 7567043.2991
461212.3863 7566982.2025
461212.5968 7566906.0282
461263.8286 7566820.1607
461315.0604 7566734.2932
461369.9416 7566650.7412
461364.2427 7566556.2713
461287.7778 7566494.5443
461192.8761 7566463.9895
461109.5347 7566424.2766
461093.8451 7566325.5256
461064.3025 7566231.5932
461015.3207 7566144.4227
460973.1752 7566054.6510
460952.9021 7565956.7568
460935.8840 7565858.2260
460918.8660 7565759.6953
460946.5884 7565668.0339
460973.9729 7565572.6237
460994.3637 7565474.7353
461014.7544 7565376.8469
461032.2196 7565278.4002
461031.1965 7565178.5680
461018.2855 7565079.4540
461004.6320 7564980.4010
460990.9784 7564881.3479
461010.5602 7564798.6452
461083.2019 7564735.7074
461113.4881 7564642.2679
461120.2209 7564542.5052
461126.9537 7564442.7425
461133.6865 7564342.9798
461129.9012 7564243.3108
461096.2415 7564150.3641
461007.1590 7564126.0698
460907.3334 7564120.3564
460814.2235 7564129.4370
460800.3142 7564228.4545
460786.4048 7564327.4719
460772.4955 7564426.4893
460690.2100 7564459.5982
460591.7704 7564477.1360
460493.3308 7564494.6738
460409.3168 7564480.8911
460358.6604 7564394.6829
460308.0039 7564308.4747
460255.4728 7564223.4083
460170.8885 7564236.5813
460142.1436 7564332.0983
460107.3824 7564423.9385
460043.5457 7564498.0131
459991.4388 7564571.0550
459892.7568 7564587.1730
459794.0749 7564603.2909
459695.3929 7564619.4089
459604.6820 7564611.3233
459554.8467 7564529.7137
459539.2157 7564430.9534
459523.5847 7564332.1931
459507.9537 7564233.4328
459576.7354 7564164.5837
459647.7732 7564094.2309
459710.2471 7564016.2486
459764.6698 7563932.4282
459816.2325 7563846.7637
459740.3691 7563830.6847
459641.5710 7563844.8872
459578.5244 7563785.0150
459522.0752 7563704.1108
459436.2434 7563661.9571
459347.0657 7563689.9788
459314.8681 7563774.6720
459340.9735 7563871.1333
459362.9689 7563968.6737
459351.6602 7564052.8224
459268.2629 7564107.9842
459184.8657 7564163.1461
459101.4685 7564218.3079
459117.7091 7564310.4975
459144.8426 7564406.7352
459111.3687 7564433.8824
459019.4852 7564394.4445
458933.3962 7564370.2412
458890.9460 7564460.7724
458848.4959 7564551.3037
458792.3518 7564632.0309
458724.6870 7564705.3757
458666.5376 7564786.5092
458613.3601 7564871.1855
458560.1825 7564955.8618
458498.9682 7565034.2635
458432.3240 7565108.7272
458368.1544 7565185.4096
458303.9849 7565262.0921
458263.2729 7565347.7194
458306.1349 7565438.0564
458307.4881 7565503.8041
458207.6676 7565509.6180
458107.9536 7565515.8785
458016.2297 7565555.6862
457924.5058 7565595.4939
457831.7928 7565623.3541
457734.7711 7565599.1730
457637.7495 7565574.9920
457566.2526 7565523.5023
457529.1997 7565431.0102
457482.7930 7565342.4419
457436.3863 7565253.8736
457431.4506 7565157.2389
457419.3780 7565058.7336
457400.5201 7564960.5384
457381.6621 7564862.3432
457346.1502 7564769.0999
457308.2928 7564676.5540
457269.4885 7564584.5800
457205.1990 7564507.9981
457140.9094 7564431.4163
457135.9357 7564334.5331
457131.6323 7564234.6850
457177.9626 7564148.4700
457231.8439 7564064.2398
457285.7252 7563980.0096
457339.6065 7563895.7793
457286.4146 7563813.5671
457246.9908 7563721.6792
457207.5796 7563629.7842
457168.1684 7563537.8893
457132.9663 7563445.6405
457156.4842 7563348.4560
457180.0054 7563251.2722
457175.5558 7563160.3088
457104.1024 7563093.1162
457023.3419 7563088.3959
456952.0289 7563157.6334
456870.6795 7563215.7729
456789.3301 7563273.9124
456707.9807 7563332.0518
456675.1156 7563412.1127
456681.6461 7563511.8440
456688.1667 7563611.6033
456757.9650 7563664.1844
456851.9259 7563698.3788
456945.8869 7563732.5733
457007.5505 7563779.3258
456961.3684 7563868.0114
456915.1863 7563956.6970
456869.0042 7564045.3826
456790.6040 7564107.3537
456712.0030 7564169.1583
456633.4021 7564230.9630
456565.0205 7564204.9799
456502.7185 7564126.7726
456440.4164 7564048.5654
456379.1131 7563969.6559
456330.3294 7563913.8934
456306.6889 7564010.3865
456304.1835 7564110.3447
456296.1163 7564113.4255
456270.2090 7564017.6837
456238.0077 7564019.8126
456229.6757 7564118.5894
456234.3607 7564218.4365
456265.4918 7564311.6704
456309.4010 7564401.5031
456345.0315 7564487.8291
456249.9569 7564518.7926
456151.8851 7564534.8192
456052.2250 7564542.9303
455953.8283 7564555.5432
455909.5462 7564527.3952
455864.0564 7564443.1124
455796.4242 7564369.4660
455735.6495 7564291.6627
455701.6437 7564197.6333
455667.6379 7564103.6039
455634.4417 7564009.2981
455602.6081 7563914.5402
455560.5623 7563824.7417
455491.1147 7563755.7445
455400.2119 7563714.0959
455309.3091 7563672.4473
455224.7238 7563621.8414
455150.0347 7563556.4789
455059.8481 7563525.9848
454961.0711 7563541.3008
454862.8597 7563560.0744
454764.0408 7563571.5182
454664.0787 7563569.1710
454564.1167 7563566.8237
454486.9520 7563524.2464
454409.9681 7563478.9927
454340.3291 7563527.8299
454276.9632 7563603.7887
454204.2702 7563672.4448
454132.2870 7563738.9928
454115.9297 7563640.3502
454097.0126 7563542.2499
454071.9671 7563445.4478
454046.9216 7563348.6457
454021.8760 7563251.8436
454050.3109 7563167.8497
454116.4911 7563092.8956
454178.3701 7563014.4669
454237.7409 7562934.0117
454300.0886 7562855.8821
454270.0078 7562776.3105
454210.5003 7562695.9564
454150.9927 7562615.6023
454099.6708 7562531.8311
454068.8855 7562446.4336
453973.2814 7562417.1458
453877.6773 7562387.8579
453782.0731 7562358.5701
453693.4931 7562317.5134
453615.5833 7562279.2823
453521.4912 7562313.0516
453426.6417 7562344.6981
453331.7922 7562376.3445
453237.0329 7562407.5172
453160.4438 7562343.2363
453083.8548 7562278.9553
453007.2657 7562214.6743
452925.3560 7562170.2896
452871.1185 7562228.4819
452878.0615 7562327.2740
452901.8285 7562424.2468
452922.9454 7562521.7165
452937.9102 7562620.5800
452952.8750 7562719.4434
452967.8398 7562818.3068
452937.8390 7562911.6874
452950.4840 7563008.9786
452999.1659 7563095.6931
453051.1182 7563181.1265
453018.2872 7563272.4719
452978.6943 7563364.2887
452939.1015 7563456.1056
452889.3603 7563534.2654
452790.0249 7563545.6849
452690.6895 7563557.1045
452607.6801 7563544.9422
452583.4034 7563447.9445
452559.1266 7563350.9467
452537.0139 7563253.4347
452515.0573 7563155.8856
452480.9795 7563061.9427
452421.9404 7562981.5274
452361.4468 7562901.9130
452300.9532 7562822.2986
452275.2428 7562725.7770
452250.1901 7562628.9944
452243.4189 7562529.2343
452236.6476 7562429.4742
452228.1953 7562330.0022
452200.4148 7562233.9657
452169.5937 7562138.8449
452138.7725 7562043.7240
452090.8279 7561958.3313
452007.3821 7561911.2189
451908.9226 7561903.7553
451809.1981 7561910.9192
451709.5463 7561919.1321
451609.8946 7561927.3451
451510.0263 7561930.2728
451410.0367 7561930.2391
451310.0471 7561930.2054
451210.7817 7561939.9722
451111.8487 7561954.4692
451012.8988 7561968.8508
450913.9489 7561983.2325
450815.5486 7561974.2469
450717.3845 7561955.2280
450619.0693 7561937.0134
450520.8295 7561918.3951
450422.6468 7561899.4724
450324.4640 7561880.5498
450334.9184 7561809.7438
450383.8974 7561722.7286
450442.7752 7561641.9119
450484.9434 7561556.5073
450451.6666 7561469.1232
450370.5036 7561412.6603
450278.9666 7561372.4248
450186.4456 7561334.8881
450089.9884 7561308.8525
449991.5518 7561297.2065
449892.3613 7561309.8226
449793.1849 7561322.5473
449694.0481 7561335.5794
449594.9114 7561348.6114
449546.4805 7561301.3053
449542.2475 7561201.4053
449538.0144 7561101.5053
449610.2435 7561037.2684
449636.9502 7560949.7944
449599.4768 7560857.0924
449582.2788 7560784.7704
449675.9691 7560816.8061
449775.8255 7560815.1483
449875.0294 7560802.6383
449974.2333 7560790.1282
450073.5691 7560780.6390
450173.4346 7560782.2066
450273.1395 7560775.7837
450373.1136 7560777.5465
450473.0876 7560779.3093
450573.0462 7560781.6136
450672.2681 7560777.9145
450769.8756 7560756.2188
450863.3614 7560760.3435
450954.2999 7560794.9009
451054.1524 7560800.1258
451153.9941 7560805.5631
451253.8358 7560811.0004
451353.7813 7560811.7188
451453.7656 7560810.6811
451553.7498 7560809.6435
451653.7204 7560810.9646
451753.6859 7560813.1592
451853.6515 7560815.3539
451953.6224 7560814.5649
452053.5953 7560812.7359
452153.2260 7560805.0207
452251.3806 7560786.6552
452336.4546 7560737.3295
452426.8690 7560695.4376
452518.9893 7560656.5560
452607.3841 7560654.9952
452691.2669 7560709.3470
452773.2726 7560711.9200
452784.5524 7560631.3243
452719.1960 7560560.6227
452638.0058 7560502.2612
452579.1948 7560424.3669
452573.4443 7560341.7016
452642.4629 7560269.3528
452713.6508 7560199.9764
452802.8333 7560154.9860
452884.2183 7560097.1367
452954.6386 7560026.3100
453010.3260 7559944.4543
453029.1318 7559846.2491
453035.0329 7559751.2600
452960.6461 7559720.5607
452870.7730 7559764.1528
452794.2454 7559825.8653
452729.3903 7559901.9688
452664.5352 7559978.0723
452586.9631 7560038.2190
452498.3074 7560084.4585
452409.6517 7560130.6980
452333.5350 7560195.3302
452258.0979 7560260.9591
452224.9224 7560332.1142
452292.9065 7560405.4359
452360.8907 7560478.7577
452313.9241 7560557.3707
452252.9634 7560636.6280
452210.3956 7560670.4488
452216.0723 7560573.3844
452139.0472 7560509.6265
452062.0222 7560445.8687
452136.8608 7560423.4813
452118.3193 7560341.7180
452039.4128 7560280.3039
451960.5063 7560218.8898
452015.4730 7560192.7401
452114.0965 7560176.2932
452211.4612 7560153.7068
452298.0445 7560105.3547
452225.0193 7560065.7625
452182.1160 7559975.4451
452243.0040 7559908.4099
452320.3747 7559845.0719
452395.5162 7559779.1152
452409.2873 7559681.9845
452362.7635 7559594.5619
452272.6787 7559552.1698
452179.1326 7559586.7533
452091.0041 7559633.9858
452002.8879 7559681.2453
451919.2707 7559716.7171
451885.0513 7559622.7652
451879.0358 7559523.5728
451876.5941 7559423.6271
451861.0695 7559326.2982
451814.9955 7559237.5564
451768.9215 7559148.8145
451829.4495 7559073.6118
451847.7724 7558976.0901
451863.5452 7558877.3524
451905.4499 7558795.8170
451989.9085 7558742.2943
452074.3670 7558688.7717
452165.0870 7558651.1877
452261.7026 7558626.4450
452357.7346 7558619.8932
452455.2730 7558641.8975
452552.8114 7558663.9017
452649.6642 7558686.8610
452702.0964 7558770.7206
452788.7469 7558720.8246
452878.3853 7558676.5223
452967.5132 7558631.2487
453009.8564 7558570.4246
452947.8065 7558495.7879
452858.2050 7558479.2980
452762.8854 7558502.9407
452662.9231 7558500.6069
452562.9607 7558498.2731
452462.9983 7558495.9394
452408.7358 7558454.4676
452421.8014 7558355.3353
452409.5076 7558262.4581
452351.8419 7558180.7722
452320.2708 7558110.9317
452417.8371 7558093.7429
452508.5126 7558051.6017
452599.1880 7558009.4604
452666.0148 7557949.5580
452657.5054 7557854.8323
452590.2977 7557802.0052
452490.6106 7557809.7780
452390.9236 7557817.5509
452425.2486 7557746.2015
452478.9321 7557661.8780
452529.4726 7557575.6018
452580.2216 7557527.4740
452641.7901 7557600.0002
452706.3549 7557578.8769
452719.8933 7557479.8081
452689.8103 7557384.9343
452657.6396 7557290.2613
452630.9808 7557196.4506
452690.5264 7557116.1247
452750.0720 7557035.7988
452809.6175 7556955.4729
452834.6255 7556871.0908
452795.3112 7556779.1544
452754.0051 7556688.1611
452696.5027 7556611.8281
452604.0965 7556573.6311
452510.3917 7556540.2807
452411.2667 7556527.1599
452312.1417 7556514.0391
452213.0167 7556500.9182
452113.4982 7556491.5603
452013.8031 7556483.8914
451939.4070 7556442.3201
451903.6780 7556348.9318
451867.9490 7556255.5436
451799.7740 7556213.7190
451726.3195 7556274.1890
451660.1128 7556349.1197
451690.3639 7556436.1331
451736.0425 7556525.0791
451781.7212 7556614.0250
451796.4349 7556704.9885
451790.9280 7556799.1829
451815.8495 7556895.4933
451829.3112 7556994.5725
451842.7729 7557093.6518
451763.2979 7557103.2422
451663.7807 7557093.5338
451577.5773 7557059.8052
451512.5257 7556984.2464
451433.7859 7556924.2843
451342.5792 7556883.6238
451246.5734 7556863.9800
451146.7542 7556869.6695
451046.8488 7556873.7711
450946.9433 7556877.8727
450864.1049 7556836.1164
450791.1903 7556767.6959
450718.2756 7556699.2753
450646.6188 7556629.5520
450571.2948 7556563.9829
450492.6174 7556502.2837
450413.4785 7556441.1694
450334.3397 7556380.0550
450295.8848 7556293.2014
450268.3591 7556197.1028
450191.9374 7556135.4834
450110.5416 7556077.4090
450029.1457 7556019.3345
449950.1987 7555960.0952
449956.5001 7555860.3043
449899.7043 7555778.4847
449802.8330 7555793.0302
449795.5800 7555887.7137
449743.1868 7555972.8775
449690.7936 7556058.0413
449638.4003 7556143.2051
449582.1252 7556221.2810
449482.8126 7556222.9298
449402.8639 7556275.8860
449352.4576 7556362.2407
449287.7558 7556437.8144
449300.0363 7556530.4830
449326.8637 7556626.8065
449349.0266 7556723.5411
449339.8582 7556823.1042
449337.5287 7556922.5841
449358.1658 7557020.4209
449378.8029 7557118.2576
449369.3899 7557203.0614
449283.8582 7557254.8519
449215.7150 7557279.9950
449228.6760 7557180.8489
449223.6199 7557087.0031
449151.4905 7557021.0709
449057.1109 7556997.4201
448968.9262 7557036.6720
448890.2531 7557098.3848
448808.9097 7557152.3677
448711.0585 7557159.6732
448649.4202 7557219.8349
448694.1552 7557309.2592
448738.8902 7557398.6835
448718.8774 7557470.1207
448650.3945 7557539.7623
448657.8825 7557621.3274
448718.5516 7557700.8081
448778.1602 7557780.9084
448834.7297 7557854.7147
448924.9983 7557896.6015
449010.2827 7557948.7981
449087.2148 7558009.9961
449145.6359 7558091.1435
449204.0569 7558172.2909
449215.3897 7558264.7553
449200.2240 7558363.5881
449152.6057 7558378.8773
449074.7005 7558316.1979
448996.7953 7558253.5186
448901.2372 7558226.5968
448802.3667 7558238.1069
448705.1786 7558261.5145
448608.0795 7558285.3827
448561.9362 7558372.7438
448529.9098 7558467.4657
448499.3222 7558562.5988
448476.4511 7558659.9376
448453.5801 7558757.2764
448447.9000 7558850.9387
448514.6157 7558923.4030
448602.2150 7558971.6139
448689.8143 7559019.8247
448759.6853 7559081.1824
448780.3822 7559179.0066
448801.0792 7559276.8307
448769.7104 7559350.5475
448681.7248 7559398.0497
448632.0800 7559374.7340
448590.4898 7559292.6203
448502.4455 7559269.3394
448442.5044 7559327.0123
448471.9470 7559411.5322
448514.5634 7559499.6120
448542.9121 7559595.4988
448515.0395 7559682.7265
448485.4886 7559776.2966
448478.3483 7559875.8036
448475.5342 7559975.7537
448472.7201 7560075.7037
448463.0156 7560175.1276
448458.7406 7560274.8987
448475.5653 7560372.8382
448499.1249 7560470.0126
448522.6844 7560567.1870
448444.1339 7560595.8703
448345.2863 7560610.9392
448248.8031 7560585.1368
448151.0566 7560564.0762
448053.3102 7560543.0156
448011.6457 7560510.9529
448094.1902 7560454.5230
448169.8951 7560391.3961
448197.2271 7560304.4382
448155.0748 7560214.4353
448101.5547 7560129.9751
448048.0345 7560045.5150
448005.5310 7559955.7817
447973.3158 7559861.1239
447941.1005 7559766.4660
447966.7161 7559677.4717
448016.6831 7559590.8621
448067.6625 7559504.8704
448109.8093 7559417.0004
448115.7136 7559317.2175
448125.9291 7559217.7511
448136.1447 7559118.2847
448222.5549 7559096.8336
448301.2688 7559038.6075
448314.3789 7558940.7903
448230.2901 7558887.7276
448135.2750 7558856.5819
448039.2033 7558841.3379
447940.9025 7558859.6380
447842.6018 7558877.9382
447797.7941 7558819.8661
447765.5949 7558725.9633
447725.0683 7558634.5548
447684.5417 7558543.1463
447681.5120 7558445.3887
447689.6870 7558345.7338
447697.8621 7558246.0789
447711.3897 7558147.0425
447726.1559 7558048.1492
447740.9221 7557949.2559
447796.2670 7557868.5462
447860.2477 7557791.7061
447894.5666 7557698.1272
447926.9790 7557603.5375
447958.9208 7557508.7871
447990.8627 7557414.0366
448022.8045 7557319.2862
448051.1114 7557223.4612
448036.5342 7557132.4596
447970.0953 7557060.0907
447890.4195 7556999.6780
447810.7437 7556939.2653
447731.0680 7556878.8526
447692.1213 7556788.9254
447628.5448 7556716.0848
447528.8370 7556708.5822
447429.1293 7556701.0796
447331.2736 7556683.6891
447234.7641 7556691.7473
447137.8754 7556716.4559
447040.9868 7556741.1644
446944.2094 7556725.7487
446847.4593 7556700.5032
446750.7091 7556675.2576
446678.5104 7556608.1672
446612.1135 7556533.4165
446546.0410 7556458.3675
446483.7138 7556382.0805
446492.0394 7556282.4381
446500.3651 7556182.7957
446515.3792 7556086.2007
446581.8903 7556012.3017
446597.6036 7555929.4834
446518.0615 7555869.8145
446450.4813 7555796.1203
446382.9011 7555722.4260
446420.6139 7555655.4653
446497.0308 7555590.9798
446573.4477 7555526.4942
446669.5668 7555507.6228
446768.9013 7555496.1954
446868.2154 7555484.5924
446967.1111 7555469.8770
447065.9635 7555454.8395
447164.8159 7555439.8021
447264.5605 7555444.1614
447275.0965 7555347.2189
447281.5818 7555247.4398
447288.0671 7555147.6608
447333.3630 7555060.1951
447385.5872 7554974.9275
447455.2371 7554907.4043
447541.4367 7554856.7332
447627.6362 7554806.0621
447717.3182 7554767.1467
447817.2085 7554762.6926
447917.0989 7554758.2385
448000.8267 7554722.0667
448021.2320 7554635.4820
447957.4266 7554586.8995
447857.4451 7554585.6229
447757.4637 7554584.3462
447657.4822 7554583.0696
447591.9666 7554514.7765
447540.7053 7554429.0236
447481.8812 7554348.3045
447396.4988 7554299.1709
447306.3938 7554255.8233
447216.2888 7554212.4757
447167.7749 7554129.6496
447129.1792 7554037.4092
447091.0488 7553945.0115
447065.7691 7553848.2703
447040.4895 7553751.5291
447021.0793 7553654.7724
447045.8497 7553557.8996
447070.6201 7553461.0267
447123.7636 7553378.8929
447188.7787 7553302.9261
447277.3744 7553263.2515
447373.2042 7553234.7106
447469.0339 7553206.1697
447560.6270 7553194.2086
447634.6449 7553260.5046
447724.2404 7553289.7750
447784.6498 7553228.0156
447811.5003 7553131.6985
447824.1362 7553033.7123
447811.8845 7552934.8950
447768.3324 7552848.6549
447690.4535 7552788.3557
447596.9791 7552756.4463
447498.4099 7552739.6524
447399.7273 7552725.4585
447300.6398 7552725.9456
447203.2850 7552703.1430
447129.8757 7552635.7991
447039.9639 7552674.1492
446943.0257 7552698.6629
446846.0876 7552723.1766
446749.1495 7552747.6903
446665.2279 7552750.0990
446626.9471 7552664.1260
446537.5258 7552619.6570
446451.7092 7552568.3402
446365.8925 7552517.0233
446365.9159 7552417.2290
446337.9720 7552322.5937
446239.8985 7552303.1124
446141.8251 7552283.6312
446044.7039 7552260.1053
445950.1592 7552270.8381
445856.9298 7552306.9797
445819.7828 7552398.8785
445780.9936 7552383.9813
445727.4278 7552392.5491
445746.9581 7552488.8325
445786.2524 7552580.7113
445826.2419 7552672.3561
445858.1879 7552765.0054
445841.9669 7552863.6705
445826.5337 7552962.4430
445820.0883 7553061.7026
445837.5710 7553160.1520
445855.0537 7553258.6013
445849.5862 7553352.2276
445789.7596 7553431.9510
445720.8035 7553504.3595
445651.8475 7553576.7680
445567.2134 7553587.6502
445472.0143 7553557.0715
445376.8152 7553526.4928
445301.1842 7553466.4991
445236.1927 7553390.5121
445146.2258 7553373.0915
445046.3407 7553377.6626
444946.4556 7553382.2337
444846.7617 7553384.2710
444748.6932 7553364.7650
444651.8197 7553341.9991
444564.3811 7553293.4975
444476.9424 7553244.9959
444399.2597 7553186.1760
444335.7844 7553112.1971
444245.4710 7553071.3708
444148.3098 7553047.7565
444051.1487 7553024.1421
443956.9062 7552992.7046
443868.0199 7552946.9099
443779.1337 7552901.1152
443727.2607 7552826.7867
443688.9389 7552735.8350
443637.3062 7552650.2080
443585.6734 7552564.5811
443534.0406 7552478.9541
443583.0188 7552412.3849
443662.3902 7552351.5729
443741.7617 7552290.7609
443821.1331 7552229.9489
443899.1917 7552271.9873
443993.2826 7552301.4814
444091.7467 7552291.4998
444179.3115 7552245.3400
444225.8987 7552159.6813
444221.4094 7552061.5204
444171.7094 7551976.0453
444116.8036 7551892.4794
444061.8978 7551808.9134
444061.5160 7551711.1955
444068.8494 7551611.4752
443985.4741 7551562.8994
443908.3839 7551499.2202
443826.6528 7551443.3518
443739.8728 7551451.6851
443659.9046 7551511.7102
443636.8107 7551602.1345
443631.3316 7551701.9739
443625.8526 7551801.8133
443575.5320 7551887.4383
443522.4934 7551972.2017
443467.0319 7552051.4329
443368.7680 7552032.9360
443270.5041 7552014.4392
443172.2403 7551995.9423
443097.4403 7551942.5839
443043.3124 7551858.5119
443027.1375 7551761.4888
442943.4889 7551721.1850
442844.0080 7551711.6104
442744.4374 7551702.4667
442644.8667 7551693.3230
442545.9675 7551680.7227
442461.6649 7551703.5880
442387.0462 7551770.1460
442312.4275 7551836.7040
442252.5446 7551912.6237
442280.4383 7551987.8603
442368.2497 7552034.4595
442464.0151 7552054.2575
442563.7495 7552047.1182
442663.4839 7552039.9789
442761.6862 7552042.1209
442853.8350 7552080.9349
442945.9837 7552119.7490
443036.6161 7552161.1194
443114.8563 7552223.3801
443193.0965 7552285.6407
443271.3367 7552347.9014
443272.1577 7552420.8395
443213.6914 7552501.9543
443155.2250 7552583.0691
443096.7587 7552664.1840
443093.7177 7552761.7483
443102.2312 7552861.3688
443111.0633 7552960.9676
443105.5838 7553056.0355
443041.0419 7553132.4048
442976.5000 7553208.7740
442914.9811 7553286.7857
442886.0347 7553382.4937
442964.9545 7553432.0408
443059.7159 7553400.1317
443154.4774 7553368.2227
443249.2389 7553336.3137
443335.8626 7553349.2997
443413.3955 7553412.4390
443490.9284 7553475.5784
443550.5157 7553552.6457
443599.7454 7553639.2776
443667.9697 7553710.6723
443743.2226 7553776.2539
443814.8041 7553846.0680
443886.3856 7553915.8821
443931.1255 7554001.6802
443961.8913 7554096.7735
443999.7268 7554189.2350
444025.5031 7554285.0936
444042.5505 7554383.6193
444059.4002 7554482.0631
443977.7337 7554539.7562
443896.0671 7554597.4493
443824.4510 7554569.0955
443749.6098 7554503.4516
443670.0802 7554442.8465
443590.5507 7554382.2414
443498.2133 7554349.9416
443399.8108 7554332.2410
443301.9346 7554314.1643
443240.0071 7554235.6674
443173.0039 7554161.4482
443105.1408 7554088.4552
443011.6284 7554054.3509
442912.1359 7554044.6425
442818.6834 7554052.6178
442785.8220 7554141.9100
442800.5932 7554240.8026
442822.3040 7554337.7685
442869.7401 7554424.2047
442940.8415 7554494.3165
443023.5209 7554547.2623
443119.3514 7554575.8008
443215.1818 7554604.3393
443251.4370 7554643.5509
443171.4741 7554703.5830
443078.3247 7554735.8712
442999.8315 7554795.1335
442970.7397 7554890.2041
442943.4298 7554986.3919
442902.0833 7555038.1324
442824.4831 7554975.0758
442740.2121 7554937.1026
442718.9850 7554999.4622
442737.3457 7555097.2440
442749.1000 7555196.5404
442678.0519 7555247.4970
442585.8053 7555286.0780
442508.2449 7555332.9464
442587.5079 7555393.8997
442666.4508 7555455.2395
442741.0962 7555521.7676
442815.7416 7555588.2957
442891.8782 7555652.7009
442979.7836 7555700.3513
443067.7323 7555747.9211
443156.0226 7555794.8545
443244.5717 7555841.2695
443335.4257 7555882.9735
443428.8610 7555918.4776
443525.0914 7555945.2345
443624.0611 7555959.4793
443723.0308 7555973.7242
443820.1054 7555993.1556
443904.9448 7556046.0725
443989.7842 7556098.9895
443995.7458 7556153.6189
443913.2830 7556210.1681
443830.8202 7556266.7173
443737.1000 7556300.8157
443661.3428 7556365.3172
443587.3959 7556432.6205
443513.6612 7556500.1317
443449.2166 7556576.5831
443384.7720 7556653.0345
443323.6294 7556731.7943
443283.5244 7556822.3858
443259.9004 7556919.5445
443235.9215 7557016.3060
443136.7671 7557023.7804
443037.8059 7557009.4763
442938.8448 7556995.1722
442839.8836 7556980.8681
442773.2903 7556923.6714
442732.3875 7556832.4305
442676.5247 7556750.7121
442623.2636 7556779.0312
442563.3713 7556851.8555
442470.2159 7556887.8796
442379.3601 7556929.6305
442288.5042 7556971.3814
442206.0806 7557023.6012
442145.9328 7557103.4772
442085.7850 7557183.3531
442025.6372 7557263.2290
442013.1197 7557358.7275
442058.6688 7557447.7398
442104.2180 7557536.7522
442154.3753 7557621.9159
442229.7383 7557686.7821
442291.8809 7557765.1161
442309.7833 7557821.3021
442209.8333 7557818.4873
442110.4090 7557817.0137
442071.5457 7557897.2440
442089.9816 7557995.5193
442108.4175 7558093.7947
442150.2646 7558181.5577
442217.0748 7558255.6496
442288.3415 7558325.7851
442367.4385 7558386.0761
442454.5775 7558434.9231
442543.3950 7558480.8510
442628.2934 7558533.3490
442710.9046 7558589.6811
442769.8897 7558662.6888
442803.7926 7558756.1269
442849.7753 7558844.9161
442902.6572 7558929.3207
442983.7829 7558974.5407
443083.2582 7558982.3144
443183.2200 7558984.6738
443174.2649 7559079.7535
443188.1021 7559178.6217
443282.6299 7559203.4974
443381.8835 7559215.6073
443481.1371 7559227.7172
443569.4795 7559259.4738
443632.2195 7559337.3302
443694.9594 7559415.1866
443703.4759 7559475.8499
443607.3363 7559503.3287
443511.0554 7559529.7128
443411.2043 7559526.6853
443314.2874 7559502.0880
443217.3704 7559477.4907
443137.9068 7559432.1560
443094.6059 7559342.1253
443030.6259 7559274.7769
442937.5129 7559240.9159
442850.6095 7559191.4617
442763.7061 7559142.0074
442749.0138 7559045.0657
442730.6003 7558946.7985
442684.6011 7558858.2202
442620.2466 7558785.8917
442592.4531 7558881.9408
442564.6596 7558977.9900
442520.7183 7559023.8319
442442.1443 7558961.9930
442363.5703 7558900.1541
442347.5642 7558803.2368
442335.7992 7558703.9417
442324.0341 7558604.6467
442287.8095 7558511.5596
442205.0568 7558455.8040
442105.4677 7558446.8632
442005.8069 7558438.7614
441906.1460 7558430.6597
441815.1998 7558463.8570
441734.9394 7558523.2460
441655.8171 7558584.3818
441595.4208 7558579.0484
441532.3130 7558518.4774
441497.8253 7558567.5515
441505.8880 7558667.1390
441490.3062 7558713.4912
441427.4620 7558635.7190
441364.6177 7558557.9468
441282.5895 7558512.0760
441270.2917 7558584.3219
441283.2890 7558683.4632
441291.7065 7558780.7699
441213.8612 7558843.5237
441129.8474 7558832.8314
441042.6255 7558783.9412
440955.4035 7558735.0509
440889.0765 7558663.1822
440832.1410 7558580.9858
440755.5360 7558519.5311
440659.1911 7558506.2413
440559.2032 7558505.6537
440459.2153 7558505.0661
440470.4450 7558426.6516
440504.1459 7558332.5125
440580.8034 7558364.1679
440665.0448 7558418.0319
440758.1900 7558454.1235
440851.7698 7558489.3477
440944.2303 7558495.0553
441009.2698 7558429.9944
441040.9405 7558335.1530
441072.6113 7558240.3116
441112.7902 7558149.1070
441077.4494 7558055.9419
441002.6812 7557989.9368
440909.8143 7557952.8738
440816.9474 7557915.8107
440727.6538 7557873.5985
440656.4666 7557805.8621
440560.3944 7557794.8729
440464.7943 7557823.7866
440370.9523 7557858.3063
440285.6118 7557872.4475
440241.9163 7557809.8489
440201.6889 7557896.8313
440212.8765 7557996.1878
440222.1722 7558095.7444
440231.4679 7558195.3010
440192.8488 7558227.9445
440101.5915 7558187.0786
440010.3428 7558146.2357
440025.1351 7558239.9998
440057.2626 7558334.6874
440064.9840 7558411.1307
439965.0750 7558407.1169
439920.6712 7558348.8716
439918.3505 7558248.9102
439915.2758 7558148.9682
439912.0216 7558049.0316
439880.2629 7557961.7699
439795.6641 7557925.9885
439695.7987 7557930.9721
439612.6172 7557908.1610
439578.7308 7557814.9605
439561.9753 7557716.3847
439593.4947 7557696.5382
439673.7521 7557756.1761
439761.8737 7557798.4299
439825.3572 7557728.7118
439824.2354 7557636.8542
439764.0463 7557557.0094
439703.8572 7557477.1646
439769.5621 7557445.5838
439767.6007 7557365.0682
439710.5667 7557283.2470
439669.6169 7557192.1138
439629.3481 7557100.5914
439664.3111 7557042.9559
439759.5385 7557012.4655
439854.7659 7556981.9751
439953.1687 7556978.5154
440052.8698 7556986.1063
440152.5709 7556993.6972
440252.4565 7556992.9290
440322.3338 7556928.8427
440401.0869 7556867.5916
440481.2068 7556807.7691
440575.9604 7556799.4645
440675.5645 7556808.2360
440775.1898 7556814.4396
440873.5430 7556801.7446
440947.8386 7556749.9628
440924.1481 7556657.7086
440867.1619 7556575.5473
440829.7733 7556487.0232
440827.6292 7556387.0566
440801.3854 7556292.6940
440711.6468 7556305.0130
440615.8208 7556333.5665
440519.9948 7556362.1200
440422.4641 7556381.9511
440322.9389 7556391.5776
440248.1453 7556381.0054
440273.6028 7556284.6412
440286.6156 7556185.7425
440312.8778 7556089.2634
440339.1400 7555992.7843
440349.1390 7555894.0525
440290.2248 7555813.2624
440231.3107 7555732.4722
440170.1958 7555654.4379
440078.7506 7555614.0493
439989.4355 7555569.0967
439900.1204 7555524.1441
439837.2887 7555463.3463
439849.0236 7555373.8869
439948.4254 7555384.2439
440048.4133 7555384.8400
440148.4012 7555385.3216
440248.2057 7555382.9014
440346.4483 7555364.2927
440444.7859 7555346.1922
440543.1236 7555328.0918
440641.7807 7555315.8266
440741.5281 7555322.7572
440841.3632 7555328.2747
440940.5715 7555325.7921
441035.7874 7555296.6628
441114.8272 7555241.5450
441153.0414 7555150.4341
441153.3710 7555053.2594
441111.9022 7554962.7637
441050.8278 7554884.8272
440974.0409 7554820.7827
440897.2539 7554756.7383
440825.7010 7554687.5950
440763.6885 7554609.1580
440701.6760 7554530.7210
440725.0119 7554515.3544
440820.9731 7554526.9644
440908.3505 7554483.6234
440989.8905 7554425.7515
441062.0413 7554356.8594
441110.8318 7554270.3300
441155.5784 7554180.9116
441168.1153 7554082.2772
441089.0588 7554027.1997
441003.5518 7553975.3684
441020.0353 7553917.6111
441090.2428 7553846.9891
441082.3392 7553759.7391
440994.2845 7553734.1471
440922.8076 7553804.0683
440851.3307 7553873.9895
440813.6807 7553894.0602
440841.8048 7553799.4442
440846.7243 7553699.5757
440861.3966 7553602.6139
440911.9531 7553516.3471
440962.5095 7553430.0803
440997.1713 7553338.8636
441004.5327 7553239.1454
441011.8942 7553139.4271
441019.2556 7553039.7088
441027.4760 7552940.0609
440983.5385 7552861.0359
440909.6653 7552793.6514
440916.3445 7552706.7561
440951.1963 7552613.0369
440887.4640 7552538.9783
440816.8096 7552473.2294
440718.2227 7552489.9187
440622.0233 7552513.7458
440545.7183 7552571.3717
440506.0446 7552663.1536
440466.3708 7552754.9355
440426.6971 7552846.7174
440369.3746 7552913.0073
440269.4749 7552917.1093
440169.5175 7552919.6481
440069.5601 7552922.1870
439982.2504 7552896.7994
439918.2273 7552819.9947
439942.8322 7552734.8704
439991.4432 7552647.4925
440040.0542 7552560.1146
440088.6652 7552472.7367
440150.7479 7552394.7312
440199.2383 7552307.7866
440197.0190 7552210.3160
440175.0412 7552112.8674
440151.1827 7552015.7659
440127.3242 7551918.6644
440103.4658 7551821.5629
440012.8896 7551789.0302
439916.6210 7551762.0064
439820.3524 7551734.9827
439729.3500 7551744.9931
439644.4307 7551797.7816
439565.6982 7551752.1123
439643.9275 7551714.8984
439715.6840 7551650.1345
439685.4610 7551554.8219
439655.2380 7551459.5093
439628.3889 7551363.3912
439622.3347 7551264.0313
439625.0945 7551164.0798
439627.8544 7551064.1283
439630.6142 7550964.1767
439550.9915 7550918.7776
439462.7366 7550871.7776
439374.4818 7550824.7775
439356.5207 7550775.8957
439442.1346 7550724.2413
439527.7485 7550672.5868
439538.0539 7550599.4669
439492.5399 7550510.4366
439445.1953 7550422.3993
439366.2534 7550371.7548
439268.0117 7550368.3142
439168.4085 7550377.0964
439068.8813 7550386.0024
439015.9391 7550470.8260
438962.9969 7550555.6496
438880.6997 7550604.9627
438787.4317 7550641.0043
438694.1637 7550677.0460
438599.1474 7550695.9254
438500.4781 7550679.7352
438401.7145 7550664.1252
438302.8217 7550649.4067
438203.6889 7550636.3453
438104.5560 7550623.2839
438022.9548 7550579.7886
437961.9228 7550500.5861
437900.8909 7550421.3837
437864.8751 7550329.8393
437801.3675 7550255.4703
437729.3341 7550186.1225
437657.3008 7550116.7746
437602.5731 7550033.2975
437507.2873 7550008.8721
437442.1215 7549933.0345
437376.9557 7549857.1968
437311.7899 7549781.3592
437284.0438 7549695.0952
437262.0541 7549610.2724
437183.7011 7549600.5552
437164.9494 7549677.1926
437184.4962 7549774.4962
437195.4634 7549873.8826
437206.4306 7549973.2689
437217.3978 7550072.6552
437149.0425 7550144.3539
437101.1990 7550232.1544
437053.3555 7550319.9549
437010.5372 7550409.8904
436997.2024 7550506.9717
437033.5320 7550594.9227
437100.0378 7550669.5880
437166.5437 7550744.2532
437189.3387 7550832.1854
437175.5535 7550931.2202
437161.7683 7551030.2550
437080.6523 7551077.3165
437025.9236 7551158.1130
436977.4162 7551245.5480
436929.0027 7551333.0354
436880.5891 7551420.5229
436808.6720 7551489.5697
436762.0415 7551577.7202
436730.4702 7551672.5426
436699.5107 7551767.6185
436668.1513 7551862.5380
436626.3726 7551953.3811
436584.5940 7552044.2242
436541.5357 7552134.3312
436484.0421 7552216.1382
436426.9287 7552298.2113
436369.1614 7552379.7819
436304.5701 7552456.1094
436239.9789 7552532.4369
436170.4671 7552602.5153
436085.8310 7552653.4849
436020.0261 7552728.7687
435956.6412 7552805.8960
435918.6459 7552892.7312
435937.6503 7552990.8982
435956.6547 7553089.0652
435933.9576 7553170.8710
435899.4608 7553250.2220
435910.5323 7553349.5968
435939.2785 7553443.8017
435983.5047 7553533.4788
436027.7309 7553623.1558
436064.7279 7553715.8757
436097.9473 7553810.1859
436111.8767 7553902.2773
436069.4141 7553990.3787
436066.8353 7554089.8799
436085.0764 7554187.9054
436116.0514 7554282.9763
436148.8084 7554377.4242
436190.9226 7554467.6951
436241.6882 7554553.8390
436299.6719 7554634.7379
436367.1983 7554708.4594
436436.1142 7554780.9060
436505.0302 7554853.3526
436545.1641 7554940.9241
436565.7385 7555038.7741
436584.8692 7555136.9097
436603.1029 7555235.2228
436621.3367 7555333.5358
436628.1106 7555433.0127
436655.6017 7555527.7455
436688.0569 7555622.2636
436718.6145 7555717.4695
436749.1722 7555812.6753
436782.6812 7555906.8702
436816.9182 7556000.8156
436851.1552 7556094.7611
436835.7783 7556192.5198
436816.2994 7556290.5937
436796.8205 7556388.6677
436751.7830 7556477.6489
436704.9437 7556565.9892
436712.3505 7556659.9452
436740.0998 7556756.0072
436785.2831 7556844.6842
436834.9788 7556931.4497
436884.6744 7557018.2153
436866.3706 7557113.4593
436839.5017 7557209.7712
436813.4488 7557306.1966
436813.2305 7557406.1799
436821.2457 7557505.4366
436866.8253 7557594.4333
436912.9924 7557683.0800
436969.8363 7557765.3287
437031.1902 7557844.2802
437090.7881 7557924.5673
437150.3860 7558004.8544
437210.4239 7558084.7850
437276.8845 7558159.4760
437348.2316 7558229.3526
437430.4897 7558286.0750
437504.5928 7558353.2067
437578.6958 7558420.3384
437630.4172 7558495.2554
437619.0768 7558594.2272
437656.9661 7558675.5686
437744.5761 7558721.3167
437841.8531 7558740.7364
437941.6502 7558746.9380
438041.4473 7558753.1396
438136.0523 7558778.6485
438225.4994 7558823.3380
438282.5976 7558876.3151
438233.5016 7558962.0352
438250.1395 7559035.4329
438346.5773 7559061.8464
438443.0151 7559088.2598
438534.4477 7559128.4103
438625.2725 7559170.2286
438716.0973 7559212.0470
438804.4659 7559258.8144
438903.8546 7559259.1701
439003.8228 7559257.1011
439089.7043 7559264.1173
439046.5846 7559354.3315
438995.3944 7559439.0062
439000.5874 7559484.2906
439093.5859 7559454.6222
439184.7416 7559413.5301
439275.8973 7559372.4381
439326.6019 7559452.4106
439371.2498 7559541.4254
439395.5222 7559638.4206
439417.9220 7559735.8689
439440.3217 7559833.3172
439348.0554 7559864.7751
439252.3933 7559893.5957
439152.7874 7559902.3474
439053.1815 7559911.0991
438954.0037 7559923.1403
438885.2019 7559980.7631
438860.1943 7560075.9603
438876.2017 7560172.1901
438935.2575 7560249.5353
439020.8472 7560298.6947
439112.6642 7560338.2871
439170.8674 7560390.3056
439141.6337 7560483.5147
439142.0349 7560583.5030
439142.7394 7560683.4902
439146.4612 7560778.5933
439236.1934 7560734.4790
439325.9255 7560690.3647
439410.1705 7560681.9546
439482.5155 7560750.9773
439554.8604 7560820.0000
439610.6030 7560899.8130
439653.0133 7560989.6768
439716.6675 7561065.3841
439796.0241 7561125.9240
439872.1614 7561189.6011
439939.6545 7561263.3752
440007.1475 7561337.1493
439921.8955 7561362.1083
439828.1485 7561393.2699
439775.8220 7561472.8104
439825.8307 7561554.8764
439919.1295 7561588.5168
440018.4069 7561589.9667
440115.6969 7561566.8892
440212.8879 7561543.4131
440310.0136 7561519.8756
440408.5112 7561502.6666
440507.0087 7561485.4576
440542.4542 7561549.8791
440550.6889 7561649.5291
440567.5982 7561747.9407
440600.4061 7561842.0904
440637.3230 7561935.0155
440700.5280 7562010.4662
440773.7334 7561989.2095
440752.1949 7561892.9578
440701.8218 7561806.5842
440651.8584 7561719.9725
440601.8950 7561633.3608
440569.0622 7561541.9010
440565.3083 7561441.9893
440555.8438 7561342.5982
440541.2600 7561243.7123
440529.9709 7561144.3620
440518.6817 7561045.0117
440576.8467 7561114.2846
440638.8043 7561192.7651
440724.8655 7561204.5330
440822.6774 7561183.7783
440903.3804 7561193.7584
440940.7454 7561286.3227
440986.2682 7561375.3485
441031.7910 7561464.3743
441060.3298 7561558.8737
441084.2319 7561655.7399
441112.8060 7561751.5598
441141.3801 7561847.3796
441126.6622 7561942.2774
441094.0341 7562036.7937
441061.4060 7562131.3100
441081.4569 7562225.4139
441170.1062 7562247.3980
441269.8237 7562254.7702
441358.4670 7562273.6399
441369.5741 7562373.0107
441380.6812 7562472.3815
441409.1084 7562554.0848
441508.6801 7562563.2170
441608.2519 7562572.3493
441704.1648 7562566.3896
441783.1425 7562506.3525
441849.9465 7562431.9538
441916.7504 7562357.5552
442001.4038 7562321.6207
442101.3490 7562318.6387
442200.3695 7562307.1407
442297.6140 7562284.2209
442394.0524 7562257.8098
442492.4437 7562247.6472
442592.3939 7562250.4550
442636.3704 7562317.9863
442653.5645 7562416.4865
442670.7587 7562514.9867
442593.6692 7562568.9617
442506.6774 7562618.2604
442419.6857 7562667.5590
442320.8582 7562668.4367
442220.9338 7562664.8266
442121.0094 7562661.2165
442037.6296 7562714.8670
441961.5703 7562779.7482
441885.6997 7562844.8755
441809.8972 7562910.0692
441746.8719 7562987.6948
441710.8804 7563074.2027
441756.3593 7563144.0232
441848.4312 7563182.8577
441939.5902 7563223.9426
442028.3700 7563268.4597
442098.8281 7563339.4074
442155.9824 7563414.2057
442142.3122 7563511.3767
442174.6085 7563606.0069
442206.2775 7563700.8363
442234.4823 7563796.7655
442262.6871 7563892.6947
442272.3984 7563991.2605
442272.1264 7564091.2498
442271.8544 7564191.2390
442183.1255 7564169.8333
442087.8612 7564139.4585
441992.1161 7564110.8391
441894.4999 7564089.2334
441796.3271 7564070.2588
441698.1543 7564051.2843
441663.3609 7564019.8802
441742.4042 7563959.4848
441781.8275 7563875.8214
441775.7630 7563776.1851
441763.4370 7563676.9581
441751.1109 7563577.7311
441747.0402 7563478.1932
441747.0234 7563378.3300
441713.6071 7563289.2533
441650.8858 7563211.3818
441588.1645 7563133.5104
441520.2326 7563060.3325
441429.2606 7563029.8944
441330.3362 7563015.3377
441234.3303 7563034.0723
441187.9576 7563114.2254
441156.2224 7563209.0452
441122.4915 7563301.8501
441027.3705 7563332.6706
440932.2494 7563363.4912
440853.2693 7563351.9041
440802.7131 7563265.6370
440752.1569 7563179.3700
440758.7664 7563090.7836
440802.1677 7563000.7045
440815.9720 7562904.1166
440814.3663 7562804.1399
440809.9440 7562704.2620
440776.3305 7562611.6328
440733.1378 7562521.4535
440674.1462 7562441.4047
440601.4790 7562373.0458
440526.2037 7562307.2313
440450.9284 7562241.4168
440366.8610 7562187.8865
440270.4553 7562166.7252
440174.2384 7562187.5344
440078.7845 7562217.3082
439992.2606 7562266.8593
439915.6284 7562298.4257
439895.1389 7562200.5579
439872.0705 7562103.4974
439833.0964 7562011.4163
439794.1223 7561919.3351
439752.4641 7561828.6894
439696.1338 7561746.1546
439633.7220 7561668.0349
439571.9424 7561589.4313
439512.8332 7561508.7837
439453.7241 7561428.1361
439394.8838 7561347.2948
439333.8182 7561268.5763
439260.2742 7561200.8326
439186.7302 7561133.0890
439117.0997 7561062.0190
439062.0942 7560978.5186
438993.7303 7560912.1284
438899.3801 7560879.0229
438804.9142 7560846.2523
438710.2659 7560814.0091
438615.6176 7560781.7658
438520.3287 7560751.5695
438427.1391 7560716.5053
438337.6945 7560671.8110
438248.2498 7560627.1167
438212.1926 7560540.8968
438189.6985 7560443.4723
438136.2973 7560360.6494
438064.3993 7560291.5271
437986.7462 7560228.5820
437899.0896 7560181.1457
437808.9778 7560137.8151
437716.3196 7560100.3414
437622.1948 7560066.6229
437527.8769 7560033.4256
437433.5591 7560000.2282
437339.3652 7559966.6810
437240.7724 7559952.1031
437141.4285 7559940.7579
437060.1871 7559993.3100
436976.2539 7560047.6527
436892.3206 7560101.9954
436813.8902 7560163.5337
436739.4584 7560230.3007
436665.0267 7560297.0678
436605.0337 7560376.0199
436558.6118 7560464.4415
436560.6581 7560560.1348
436628.4497 7560626.2123
436720.4121 7560663.9979
436819.2040 7560669.0562
436919.1646 7560666.6484
437019.1252 7560664.2406
437091.3658 7560729.5774
437164.2757 7560796.6512
437255.4503 7560837.7013
437336.2033 7560878.6750
437249.1910 7560922.0224
437239.1392 7561020.1768
437287.9939 7561107.4187
437336.8486 7561194.6605
437352.5769 7561289.1055
437344.3608 7561388.7570
437336.1446 7561488.4085
437333.9715 7561588.2533
437360.0494 7561682.7035
437417.9146 7561763.0314
437484.2998 7561837.8039
437550.6850 7561912.5765
437614.6518 7561989.3952
437692.3561 7562050.3098
437787.3514 7562074.0985
437886.1740 7562065.3697
437984.7636 7562048.6961
438084.1447 7562038.4622
438183.8362 7562030.7468
438283.5277 7562023.0315
438317.6049 7562104.2747
438339.6738 7562201.7985
438339.3153 7562297.4619
438303.9726 7562390.9396
438300.9005 7562484.4917
438345.2449 7562574.0148
438404.2695 7562636.7877
438492.0552 7562590.0453
438570.4734 7562528.0090
438648.8917 7562465.9728
438729.6310 7562407.1243
438799.9619 7562337.9884
438860.2892 7562258.2479
438920.6164 7562178.5074
439011.0423 7562144.6115
439108.1946 7562120.9609
439205.3469 7562097.3104
439295.0242 7562135.1029
439383.6720 7562181.3576
439472.3198 7562227.6123
439463.8860 7562322.7131
439459.1180 7562419.1049
439514.1737 7562502.5722
439569.2294 7562586.0395
439618.6005 7562672.2202
439650.4395 7562766.9560
439700.0866 7562849.1360
439787.3710 7562897.5731
439879.0938 7562937.3832
439967.5212 7562948.4525
440059.4403 7562921.5903
440159.3342 7562917.2163
440136.2780 7563007.6259
440106.6283 7563103.1184
440038.7045 7563035.3776
439942.0081 7563009.9347
439843.8734 7562990.7644
439745.7902 7562971.3516
439648.3475 7562948.9277
439550.9047 7562926.5037
439454.7736 7562900.4115
439363.2183 7562863.9060
439263.2947 7562862.6323
439163.4582 7562868.1639
439063.6217 7562873.6954
438964.8004 7562870.9689
438869.2761 7562841.4217
438773.7518 7562811.8746
438678.7181 7562780.8968
438585.0704 7562745.8566
438490.5032 7562713.5820
438393.2946 7562691.1112
438294.0260 7562686.1358
438200.1365 7562712.3012
438120.2914 7562772.4899
438040.4462 7562832.6786
438005.9671 7562922.4080
437948.8393 7563004.4710
437890.6142 7563052.6248
437823.7230 7562979.4292
437737.2374 7562931.0169
437640.9557 7562904.0398
437544.6741 7562877.0628
437448.3924 7562850.0857
437360.6121 7562807.1144
437283.1329 7562804.3557
437226.8160 7562883.5956
437185.5534 7562974.6743
437144.2909 7563065.7529
437103.0283 7563156.8316
437012.7271 7563166.5353
436912.9218 7563160.4677
436813.1164 7563154.4002
436713.2530 7563157.7981
436617.8204 7563186.4732
436522.9037 7563217.9175
436428.9861 7563252.2153
436345.6742 7563306.9662
436297.9370 7563393.7781
436353.1480 7563467.3567
436452.5110 7563478.5336
436551.9992 7563485.7359
436651.8689 7563480.8395
436751.7386 7563475.9431
436848.2581 7563485.1856
436935.3129 7563534.3729
437022.3677 7563583.5601
437098.0878 7563645.4696
437155.6378 7563727.2135
437211.2260 7563810.3272
437266.8141 7563893.4409
437268.9679 7563980.6645
437281.9760 7564067.0405
437357.8574 7564127.2233
437453.6325 7564142.2878
437553.5424 7564138.2977
437653.4524 7564134.3076
437752.4535 7564143.9729
437841.8271 7564115.4501
437926.0479 7564061.5543
438010.2423 7564007.6170
438094.4367 7563953.6797
438185.0379 7563988.4650
438276.7881 7564027.4364
438325.7478 7563992.1313
438300.0622 7563896.2881
438261.5690 7563804.0049
438283.4419 7563775.0335
438373.7879 7563817.8765
438464.1339 7563860.7195
438557.5805 7563895.2578
438653.8981 7563922.1064
438750.2156 7563948.9549
438823.6593 7564008.0467
438880.8259 7564090.0827
438937.9925 7564172.1187
438913.7529 7564258.4647
438865.5683 7564346.0784
438884.0050 7564440.1015
438940.4145 7564521.8686
439007.2338 7564596.1808
439081.0083 7564663.5921
439164.5942 7564718.1625
439247.0620 7564774.6851
439329.2632 7564831.6139
439389.3665 7564901.6375
439399.8267 7565001.0784
439410.2869 7565100.5194
439385.2743 7565187.2661
439314.0969 7565257.4921
439242.6631 7565327.4562
439170.9017 7565397.0853
439113.5865 7565476.6136
439066.9453 7565564.5194
439010.6730 7565647.1713
438954.4007 7565729.8233
438872.0188 7565768.7932
438772.5739 7565779.2163
438673.1290 7565789.6394
438575.8404 7565773.5425
438476.9778 7565761.5620
438377.0816 7565762.0301
438277.1402 7565765.1359
438177.1989 7565768.2417
438077.3034 7565765.6551
437977.4429 7565760.5806
437877.5890 7565755.3729
437777.7351 7565750.1652
437679.0131 7565735.4044
437579.6873 7565724.9397
437480.4138 7565713.2488
437381.2924 7565700.1013
437282.1709 7565686.9538
437183.0494 7565673.8064
437151.4574 7565585.3393
437094.8189 7565503.4438
437006.3451 7565463.5616
436913.1108 7565498.7096
436839.5962 7565559.2698
436816.6364 7565656.2088
436828.8039 7565749.7365
436884.0289 7565832.9462
436933.6591 7565919.7493
436983.2893 7566006.5523
437032.9194 7566093.3554
437024.4223 7566180.8705
436982.0212 7566271.3067
436962.4886 7566368.0156
436988.6445 7566461.1989
437044.5708 7566543.5187
437106.4018 7566622.0989
437168.2328 7566700.6791
437229.1266 7566779.9832
437292.1619 7566857.5627
437365.7582 7566924.5873
437451.4703 7566975.1535
437546.7290 7567002.7522
437645.8158 7567015.4135
437745.3306 7567025.1462
437844.8455 7567034.8790
437927.8429 7567083.8146
438004.3175 7567148.2316
438080.7922 7567212.6486
438126.9881 7567299.0148
438164.4213 7567391.7331
438201.8545 7567484.4513
438241.6254 7567576.1818
438299.1220 7567657.3496
438379.0379 7567715.9742
438463.3259 7567769.7651
438547.6138 7567823.5560
438606.5847 7567902.7419
438660.6344 7567986.8642
438714.6841 7568070.9864
438760.2913 7568159.8808
438819.0453 7568240.4843
438897.6665 7568301.4730
438981.8496 7568355.3930
439068.4874 7568405.2889
439155.4110 7568454.7077
439242.8362 7568503.2321
439330.3297 7568551.6346
439417.9116 7568599.8770
439507.5356 7568644.1807
439600.3956 7568681.1613
439693.6541 7568717.2274
439786.9127 7568753.2935
439873.7508 7568802.5803
439959.7601 7568853.5737
440045.7693 7568904.5671
440115.2422 7568975.9759
440204.4264 7569020.2776
440294.9388 7569062.7680
440385.4685 7569105.2198
440477.5303 7569144.1386
440574.4969 7569168.5396
440671.5695 7569191.9185
440771.4797 7569187.9347
440871.3899 7569183.9508
440962.5828 7569203.4826
441040.6337 7569264.8297
441131.3830 7569305.6256
441227.2832 7569333.9290
441323.1834 7569362.2324
441420.4622 7569383.2877
441520.1756 7569390.3264
441620.1104 7569393.4281
441720.0870 7569395.0389
441820.0637 7569396.6496
441919.2521 7569405.3825
442017.0690 7569409.7182
442114.7362 7569388.2930
442212.4034 7569366.8677
442310.1143 7569345.6441
442408.4898 7569328.2795
442507.7214 7569315.9909
442606.9531 7569303.7024
442697.5159 7569326.7977
442779.8296 7569383.5637
442868.8871 7569426.5988
442964.1306 7569457.0391
443046.6513 7569508.5064
443117.8104 7569578.7509
443197.3583 7569629.1150
443290.4269 7569608.7182
443362.1072 7569541.2486
443388.4951 7569450.6748
443379.4564 7569351.0946
443395.4591 7569398.3972
443469.2049 7569458.9057
443561.4564 7569496.7409
443659.3422 7569515.5784
443757.9881 7569504.7396
443856.5932 7569488.1576
443955.1983 7569471.5757
444047.0972 7569503.7638
444137.5671 7569546.3447
444228.0369 7569588.9256
444290.3168 7569666.9913
444352.2712 7569745.4739
444418.7645 7569819.7161
444497.5180 7569881.3262
444576.2715 7569942.9364
444536.1522 7570004.2666
444492.2832 7570090.8661
444447.3721 7570175.3780
444364.5772 7570119.3162
444274.5312 7570081.5046
444175.8376 7570065.4583
444177.7145 7569985.5305
444187.2982 7569890.0182
444139.1983 7569806.4640
444073.6853 7569815.5074
444025.5997 7569903.1755
443977.5140 7569990.8436
443908.8897 7570060.5307
443828.3491 7570119.7855
443737.0223 7570156.7611
443640.5877 7570183.1865
443543.0998 7570177.3014
443445.1489 7570157.2131
443347.1980 7570137.1247
443258.5749 7570093.8472
443173.9972 7570040.5131
443091.6079 7570028.7812
443013.0929 7570090.6950
442934.5779 7570152.6088
442844.5642 7570195.0203
442751.1275 7570230.5917
442657.4545 7570265.5674
442563.7816 7570300.5432
442471.8676 7570339.4017
442383.8016 7570386.7547
442298.6544 7570436.5664
442267.3307 7570531.5080
442247.8360 7570627.4189
442314.1730 7570701.4783
442396.1565 7570758.3962
442484.2015 7570805.7883
442572.2465 7570853.1803
442657.5862 7570904.7300
442741.9283 7570955.1988
442839.3352 7570977.1872
442936.2537 7570975.2073
443028.8827 7570937.5537
443121.5117 7570899.9000
443201.3158 7570913.8746
443265.5579 7570990.4962
443329.7999 7571067.1179
443397.0321 7571141.1287
443486.4859 7571184.4264
443575.5209 7571138.9216
443664.5559 7571093.4168
443746.8158 7571096.7730
443820.1099 7571164.7869
443893.4041 7571232.8007
443915.9125 7571322.0516
443912.8522 7571421.9943
443932.4994 7571517.7683
443992.3924 7571595.6127
444058.7740 7571662.4210
443970.5691 7571615.3274
443882.3641 7571568.2338
443794.2674 7571520.9537
443709.6359 7571467.7049
443624.8748 7571414.6832
443535.8497 7571369.2007
443442.4834 7571333.4144
443349.0069 7571297.9650
443252.4120 7571272.3416
443152.9494 7571262.0891
443053.6322 7571253.4932
442957.4747 7571280.9098
442861.3173 7571308.3265
442766.1336 7571323.7906
442675.6815 7571281.1720
442585.2294 7571238.5534
442498.3085 7571190.6696
442425.7088 7571121.9870
442357.3377 7571049.0260
442288.9666 7570976.0649
442218.0355 7570905.7857
442134.6312 7570854.1504
442037.8891 7570830.0552
441940.2748 7570809.6826
441844.7221 7570780.2275
441828.3825 7570714.8441
441819.4763 7570624.2756
441743.2976 7570646.8391
441658.3458 7570699.5755
441611.3045 7570785.7493
441555.6356 7570868.6576
441498.6097 7570950.7915
441425.5654 7570997.0206
441326.3413 7570984.6718
441227.1008 7570972.4546
441127.8604 7570960.2375
441051.3803 7570915.8023
441006.7032 7570826.3491
440962.0261 7570736.8959
440919.3712 7570646.4743
440850.9135 7570577.3289
440761.9060 7570533.2600
440664.2243 7570517.8229
440589.6100 7570572.0741
440590.0044 7570668.7772
440590.2237 7570768.7315
440589.6660 7570868.7196
440521.4330 7570923.5477
440429.3165 7570962.4382
440337.2000 7571001.3288
440239.2743 7571017.3889
440139.7727 7571027.2560
440040.2711 7571037.1231
439940.4530 7571035.5477
439840.5581 7571031.1968
439740.6236 7571027.9165
439640.6799 7571024.8864
439540.7362 7571021.8563
439441.5327 7571032.5746
439342.4922 7571046.3182
439243.4516 7571060.0618
439143.8472 7571068.5051
439044.1316 7571075.9021
438944.4160 7571083.2991
438844.4962 7571086.5686
438744.5373 7571089.0454
438644.5784 7571091.5223
438544.9694 7571083.8942
438445.8594 7571094.3551
438368.6479 7571152.3163
438430.0955 7571231.1591
438495.2217 7571307.0307
438560.3479 7571382.9023
438619.4959 7571462.5794
438660.6700 7571553.6981
438703.1479 7571644.1824
438749.8838 7571732.5732
438799.4169 7571819.3822
438864.0540 7571891.4323
438954.1535 7571934.7914
439044.2530 7571978.1504
439129.4810 7572029.0160
439205.7791 7572093.6420
439282.0772 7572158.2681
439350.0095 7572230.2239
439404.0465 7572314.3544
439458.0835 7572398.4848
439509.5453 7572484.1697
439558.8176 7572571.1764
439581.5815 7572665.2791
439582.3650 7572765.2656
439593.4445 7572864.1236
439652.3307 7572936.4253
439742.8677 7572976.7051
439837.7970 7573008.1111
439932.7264 7573039.5172
440029.1449 7573065.6959
440127.8643 7573080.1301
440227.3901 7573089.7491
440326.9160 7573099.3680
440423.3578 7573123.5487
440519.4801 7573150.9130
440617.5734 7573169.7266
440716.3404 7573185.3151
440815.1074 7573200.9035
440908.5776 7573234.0354
440999.4684 7573275.7102
441090.3588 7573317.3858
441181.2490 7573359.0619
441272.1392 7573400.7379
441334.4198 7573473.6819
441383.9863 7573560.5213
441433.5527 7573647.3608
441419.8498 7573738.6300
441382.8677 7573831.5291
441345.8855 7573924.4282
441298.7915 7574012.4540
441249.1661 7574099.2598
441199.6038 7574186.1016
441154.8489 7574275.4748
441111.2968 7574365.4811
441067.7447 7574455.4874
441020.3475 7574543.5030
440971.9881 7574631.0203
440923.6287 7574718.5377
440854.4822 7574789.6153
440780.4626 7574856.8390
440706.4430 7574924.0627
440701.8689 7575018.0925
440744.4202 7575107.8195
440790.7795 7575196.4126
440837.0462 7575285.0514
440879.3553 7575375.6317
440932.0464 7575460.5794
440997.9176 7575535.4578
441086.7856 7575581.0778
441183.5053 7575606.0650
441283.3112 7575612.0962
441383.2411 7575615.5185
441483.2204 7575616.9606
441583.1996 7575618.4026
441683.0174 7575621.2138
441780.5925 7575643.0547
441878.1676 7575664.8956
441973.8226 7575690.8625
442053.3682 7575751.4466
442132.9137 7575812.0307
442209.5045 7575875.5496
442270.6045 7575954.6338
442338.4921 7576027.9831
442412.6687 7576094.8803
442494.4568 7576152.2911
442580.7413 7576202.8174
442667.0259 7576253.3436
442750.1966 7576307.7743
442819.1009 7576380.2193
442890.5724 7576450.1318
442964.1170 7576517.8747
443038.4489 7576584.7065
443117.5858 7576645.6083
443203.0835 7576697.4449
443289.6547 7576747.4784
443376.2258 7576797.5120
443448.9630 7576859.2253
443483.7728 7576952.9601
443524.4322 7577043.7606
443590.2955 7577114.1541
443681.8209 7577154.4159
443773.3464 7577194.6776
443862.6298 7577239.1365
443946.9819 7577292.8268
444031.3340 7577346.5172
444103.2242 7577411.9642
444151.9154 7577499.2974
444200.6065 7577586.6306
444251.4633 7577672.6610
444306.8966 7577755.8614
444365.6103 7577836.7613
444429.3243 7577913.7077
444500.6200 7577983.5161
444583.4160 7578037.7433
444678.5612 7578063.4787
444777.9967 7578060.6525
444876.4304 7578043.2704
444974.2948 7578022.7645
445071.5302 7577999.6887
445167.6420 7577972.1219
445263.5055 7577943.6948
445359.3691 7577915.2678
445442.6735 7577930.9769
445509.2089 7578005.6158
445586.5701 7578054.4878
445686.4482 7578049.7664
445786.3263 7578045.0451
445861.4240 7577988.7496
445922.8485 7577909.9293
445982.6839 7577829.8191
446042.5192 7577749.7088
446116.5940 7577683.4694
446195.1082 7577621.5547
446253.1705 7577541.5499
446306.7617 7577457.1398
446360.7050 7577372.9493
446420.0594 7577295.9647
446515.7091 7577266.8966
446607.3143 7577228.6927
446682.1560 7577162.5333
446750.1273 7577089.1996
446818.0985 7577015.8659
446886.2883 7576942.7383
446955.5030 7576870.5770
447024.7178 7576798.4158
447036.4880 7576729.0810
446960.5235 7576664.0631
447035.6026 7576627.8034
447001.4611 7576533.8232
446972.1788 7576440.2845
447021.8660 7576353.5939
447057.1912 7576260.1269
447078.5934 7576162.4546
447099.9956 7576064.7824
447127.4382 7575970.6111
447201.5503 7575903.4895
447268.9829 7575832.2896
447294.8273 7575735.6977
447320.6717 7575639.1058
447364.6117 7575563.1955
447463.7800 7575550.4066
447562.9484 7575537.6176
447662.1168 7575524.8286
447758.0316 7575498.3074
447796.4670 7575413.0265
447837.3907 7575322.0655
447873.2394 7575415.3966
447937.0326 7575490.9882
448035.5308 7575497.4531
448122.1452 7575547.4119
448208.7595 7575597.3706
448295.3739 7575647.3294
448339.6442 7575733.9095
448418.8171 7575792.1883
448493.3539 7575858.7169
448567.2467 7575926.0799
448599.2851 7576005.9166
448574.3241 7576102.7405
448549.3631 7576199.5644
448524.4021 7576296.3883
448568.3264 7576367.7112
448657.5322 7576411.7718
448752.8566 7576393.5448
448848.7152 7576365.1007
448944.5737 7576336.6566
449041.3486 7576318.2065
449095.8181 7576277.7523
449055.4080 7576193.5458
448987.7182 7576119.9576
448919.5372 7576046.8188
448860.5586 7575966.5387
448806.6357 7575882.3351
448752.7127 7575798.1316
448791.2700 7575822.0474
448866.0990 7575888.3689
448947.9630 7575945.6230
449040.4936 7575983.1472
449133.6463 7576019.4858
449229.9308 7576032.0546
449328.5357 7576042.0076
449426.8270 7576060.3581
449521.5116 7576047.7153
449584.9832 7575970.8241
449597.9373 7575872.0781
449608.5633 7575772.7624
449597.4096 7575673.4028
449591.2889 7575573.6007
449592.5139 7575534.2727
449616.9266 7575630.7201
449661.9305 7575719.3562
449720.7383 7575800.2238
449779.5461 7575881.0914
449831.7734 7575966.2650
449894.1524 7575901.3235
449906.3300 7575802.0782
449918.5076 7575702.8329
449967.4987 7575666.4449
450060.0151 7575704.3744
450128.3131 7575664.1688
450145.7399 7575567.5243
450146.9419 7575467.6104
450146.3881 7575367.6223
450145.8344 7575267.6342
450205.7533 7575188.2837
450267.3184 7575109.4950
450334.2679 7575038.2079
450428.6136 7575005.0899
450522.9594 7574971.9719
450527.2470 7574988.8302
450542.6364 7575058.6809
450591.2139 7575146.0774
450632.7547 7575235.1741
450639.5364 7575333.5045
450673.6641 7575427.4898
450707.7917 7575521.4750
450741.9194 7575615.4603
450806.0566 7575685.7501
450889.5636 7575740.7456
450973.0706 7575795.7410
451056.5776 7575850.7365
451077.9979 7575946.6916
451108.2886 7576041.9269
451204.1114 7576050.7869
451298.5756 7576018.3527
451384.3319 7575967.0100
451460.9355 7575905.6665
451559.0874 7575924.7485
451657.2393 7575943.8306
451755.3913 7575962.9127
451850.5191 7575989.2232
451927.5042 7576051.4444
451987.0598 7576131.7629
452046.6154 7576212.0813
452013.6508 7576302.3934
451972.6200 7576393.5767
451928.2386 7576482.0094
451846.2363 7576539.1179
451758.1623 7576586.4560
451670.0883 7576633.7941
451604.3308 7576706.9001
451593.6353 7576805.5629
451585.6242 7576905.2311
451586.2597 7577005.1849
451586.0968 7577105.1732
451585.7932 7577205.1624
451585.4897 7577305.1516
451580.4752 7577404.8876
451633.4444 7577444.6920
451722.3153 7577405.1982
451806.7967 7577351.7116
451891.2781 7577298.2249
451976.4838 7577245.9262
452062.7180 7577195.3140
452148.9522 7577144.7019
452222.3199 7577167.5588
452286.2520 7577244.4218
452380.2438 7577276.0221
452475.1410 7577244.5266
452571.0485 7577216.2480
452660.1616 7577198.0441
452669.0871 7577297.5976
452668.8117 7577397.5869
452668.5364 7577497.5761
452656.7933 7577594.9263
452616.2473 7577686.1807
452596.3512 7577782.0145
452619.9469 7577823.0202
452668.5228 7577735.6228
452722.3842 7577657.0304
452822.3067 7577654.3948
452921.7817 7577644.2637
453021.2568 7577634.1325
453116.7740 7577645.6444
453206.2260 7577690.3241
453171.5708 7577724.5049
453076.4515 7577754.5127
453003.0147 7577822.3727
452929.5780 7577890.2326
452850.0212 7577945.8188
452768.5964 7577983.4012
452828.5890 7578051.8913
452905.6845 7578115.5640
452945.5051 7578188.2626
452930.2262 7578280.5823
452971.4117 7578371.4526
453036.5081 7578441.8273
453125.1559 7578488.0819
453213.8037 7578534.3365
453307.6160 7578564.1707
453406.7809 7578576.9862
453500.8636 7578593.3854
453479.6339 7578691.0953
453459.3605 7578788.9777
453447.6584 7578888.0777
453454.4218 7578987.6289
453483.2907 7579081.7063
453554.2598 7579151.0853
453638.6918 7579204.6498
453730.2573 7579234.7985
453772.7315 7579274.0277
453732.8551 7579365.7218
453692.9788 7579457.4159
453640.2590 7579541.5540
453579.4808 7579620.9513
453640.1220 7579699.0739
453682.9469 7579789.4285
453725.7718 7579879.7831
453767.4005 7579969.3651
453864.4553 7579989.9727
453959.2555 7579958.2341
454055.8336 7579932.3383
454152.4117 7579906.4425
454226.9819 7579929.7894
454272.1086 7580019.0167
454317.2352 7580108.2440
454304.7143 7580200.7213
454269.9026 7580294.4554
454235.0909 7580388.1894
454147.8381 7580387.0138
454049.9548 7580366.5986
454004.2893 7580300.7905
453997.6940 7580201.0186
453955.1461 7580111.5081
453859.7726 7580095.4165
453764.4772 7580123.9843
453669.4633 7580155.1337
453574.6844 7580176.4155
453480.4114 7580144.1278
453382.0444 7580138.7181
453288.2322 7580172.8576
453201.8762 7580222.2593
453141.3502 7580295.1180
453146.2305 7580394.8669
453157.1181 7580494.2620
453174.3131 7580592.5104
453199.1077 7580689.3770
453223.9023 7580786.2437
453269.3717 7580873.1756
453361.0154 7580894.2187
453447.0488 7580849.8387
453529.8879 7580793.8422
453607.8656 7580752.8497
453642.1252 7580846.7869
453688.6068 7580919.9829
453787.3804 7580904.4362
453886.1540 7580888.8894
453981.3442 7580891.5900
454066.9029 7580943.3357
454152.4617 7580995.0815
454200.3844 7581062.2060
454175.5469 7581159.0617
454150.7095 7581255.9174
454138.4936 7581354.6222
454148.3225 7581453.4978
454183.2678 7581546.1717
454263.4169 7581582.8867
454308.8316 7581508.8596
454346.0574 7581416.1062
454384.6456 7581323.8627
454446.8614 7581283.6780
454543.8295 7581305.5539
454615.8665 7581258.0846
454663.5817 7581170.3759
454704.2886 7581079.0899
454725.4187 7580982.0251
454739.8686 7580883.0851
454754.3184 7580784.1451
454730.3392 7580687.8953
454702.2451 7580591.9336
454752.9988 7580509.3881
454811.2493 7580428.1182
454869.4999 7580346.8484
454927.7505 7580265.5785
454989.4646 7580186.9131
455048.4711 7580106.1996
455133.4332 7580131.9319
455223.0040 7580176.3729
455312.5748 7580220.8139
455402.1455 7580265.2549
455422.8581 7580359.6382
455437.2830 7580458.5818
455446.5354 7580556.3721
455391.4439 7580639.8158
455336.3524 7580723.2595
455288.6240 7580794.5548
455289.6130 7580894.5395
455229.1836 7580959.2807
455165.4639 7581036.3373
455100.4506 7581112.2883
455034.2589 7581187.2322
454994.6410 7581277.3506
454963.7356 7581372.4441
454905.1632 7581446.3076
454826.3651 7581507.3719
454805.2860 7581590.2201
454876.8097 7581659.6754
454962.4835 7581703.4702
455056.2593 7581670.3471
455128.5701 7581605.6002
455151.3935 7581509.2915
455146.4898 7581409.4222
455141.5862 7581309.5529
455161.0812 7581238.2956
455258.9221 7581258.9134
455356.7629 7581279.5311
455437.9549 7581333.1650
455516.6524 7581394.7246
455596.8672 7581454.4198
455677.5467 7581513.4834
455758.3978 7581572.3139
455849.0804 7581612.4893
455945.7187 7581637.6390
456043.2111 7581659.8461
456140.7035 7581682.0531
456236.5455 7581710.3095
456331.8077 7581740.6912
456425.3892 7581775.7870
456518.3863 7581812.5220
456611.3834 7581849.2569
456688.3619 7581911.6380
456784.4241 7581933.0407
456874.3051 7581892.5205
456945.6213 7581822.8848
457012.4301 7581748.4992
457079.0281 7581673.9162
457148.1836 7581621.4084
457230.0702 7581678.7887
457311.9568 7581736.1691
457401.7972 7581761.5984
457501.0282 7581749.3049
457600.2592 7581737.0113
457617.0383 7581827.6426
457705.7777 7581801.4608
457793.6938 7581753.8302
457881.6100 7581706.1996
457966.0199 7581701.9045
458046.6297 7581761.0312
458138.9714 7581776.1858
458207.2043 7581706.1710
458272.2674 7581630.2453
458337.3304 7581554.3195
458407.6190 7581483.2326
458449.4379 7581392.8617
458438.8637 7581293.9661
458426.2346 7581194.7772
458423.2182 7581098.2254
458484.3155 7581019.0815
458539.0231 7580936.1169
458571.5277 7580841.5672
458606.7958 7580748.0039
458642.0638 7580654.4406
458678.4009 7580561.3184
458714.5226 7580468.6753
458688.8597 7580472.6216
458632.0685 7580554.9179
458575.2772 7580637.2141
458553.3616 7580569.0833
458538.5775 7580470.1927
458537.5037 7580376.0242
458610.0487 7580307.2118
458670.9923 7580232.8414
458679.1573 7580133.1857
458687.3222 7580033.5300
458720.2479 7579940.8229
458768.7435 7579853.4260
458818.9241 7579766.9400
458869.1046 7579680.4539
458926.1374 7579598.4868
458982.8675 7579516.1806
459038.4212 7579433.0439
459091.8913 7579348.5660
459144.5608 7579263.5728
459197.2304 7579178.5796
459246.0401 7579091.3335
459294.1456 7579003.6763
459342.2512 7578916.0191
459367.7033 7578819.5479
459391.4910 7578722.4290
459414.6434 7578625.1760
459432.1789 7578526.7360
459449.7145 7578428.2960
459476.8031 7578333.3478
459526.8825 7578246.8032
459569.2762 7578157.1282
459587.3389 7578059.2743
459589.8965 7577959.3321
459589.9312 7577859.3424
459589.9659 7577759.3528
459576.8811 7577661.1173
459550.5792 7577564.6490
459524.2774 7577468.1807
459514.2168 7577369.9696
459502.9289 7577271.9137
459472.9822 7577176.5745
459433.4278 7577084.9923
459386.2096 7576996.8720
459337.5055 7576909.5459
459288.8015 7576822.2198
459231.8929 7576740.4329
459169.1051 7576662.6150
459098.8139 7576592.0339
459023.3178 7576526.4727
458947.8218 7576460.9116
458970.1461 7576377.0643
459016.8600 7576288.6576
459051.9515 7576195.2010
459062.9862 7576095.9277
459072.7995 7575996.4259
459078.8418 7575896.6281
459080.4508 7575796.6515
459085.1912 7575697.2104
459116.9030 7575602.3828
459148.6149 7575507.5552
459186.9193 7575416.0928
459245.1177 7575334.7855
459303.3160 7575253.4782
459374.7399 7575187.4315
459463.4947 7575141.3824
459552.2494 7575095.3334
459637.8941 7575043.9540
459702.4774 7574970.5052
459755.5920 7574885.7894
459770.7946 7574793.8862
459717.7463 7574715.2583
459642.8215 7574649.0450
459567.8967 7574582.8318
459546.8294 7574496.0855
459558.6575 7574396.7980
459619.1881 7574389.5352
459714.1282 7574419.2774
459812.5295 7574412.3146
459911.3187 7574396.8678
460010.1080 7574381.4211
459994.4629 7574292.8724
459929.0177 7574218.3247
459856.4657 7574149.5386
459769.7796 7574100.1562
459672.8828 7574120.0627
459597.7566 7574185.8669
459533.7640 7574262.6970
459469.7714 7574339.5272
459406.0620 7574396.3540
459344.2703 7574317.7428
459260.6237 7574267.4366
459162.4870 7574254.9190
459062.6345 7574249.6832
458962.7821 7574244.4475
458863.2225 7574251.4247
458765.1484 7574270.4238
458667.3229 7574291.1141
458569.4828 7574311.7353
458471.6427 7574332.3565
458398.7507 7574269.4146
458331.4035 7574197.9042
458369.8085 7574105.5842
458404.2324 7574012.6777
458394.0838 7573913.2044
458360.6539 7573824.3334
458267.9635 7573786.8312
458175.2731 7573749.3291
458083.5409 7573743.2133
457993.3110 7573786.3001
457903.0810 7573829.3870
457818.4735 7573829.4753
457742.3558 7573764.6369
457666.2381 7573699.7984
457655.1233 7573606.1353
457646.9627 7573506.9985
457591.7960 7573423.6045
457533.1134 7573344.7227
457438.7648 7573311.6125
457342.7025 7573288.5490
457281.5188 7573340.9321
457241.9150 7573432.2461
457194.8571 7573520.4701
457147.7992 7573608.6942
457117.0878 7573537.1615
457088.8723 7573441.2354
457060.0670 7573345.5041
457021.4075 7573254.7192
456940.8070 7573203.4183
456846.9269 7573237.8344
456753.0469 7573272.2505
456657.8526 7573302.4279
456564.6800 7573336.8145
456476.1681 7573383.3286
456387.6561 7573429.8427
456295.5551 7573467.8303
456235.0700 7573534.1369
456292.2471 7573590.2973
456383.0034 7573632.2642
456473.7597 7573674.2311
456528.1824 7573752.6314
456570.3980 7573843.2722
456612.6137 7573933.9130
456646.2362 7574028.0325
456659.8963 7574126.8918
456671.6543 7574226.1877
456669.1500 7574320.7350
456600.2166 7574393.1651
456533.8828 7574467.6502
456481.4283 7574552.6241
456438.2930 7574642.8309
456395.1577 7574733.0377
456350.0613 7574822.1717
456298.1589 7574907.6160
456249.3466 7574994.8816
456200.5344 7575082.1473
456145.7085 7575164.6648
456073.0260 7575233.2958
456004.6550 7575306.1619
455941.1550 7575383.3997
455877.6550 7575460.6375
455803.7621 7575523.9256
455719.0963 7575573.9782
455657.0812 7575650.9108
455611.0654 7575739.6828
455565.0497 7575828.4548
455512.6811 7575913.0777
455449.8940 7575990.8961
455387.1069 7576068.7146
455308.0634 7576039.5774
455213.5605 7576009.9234
455116.3961 7575986.3225
455019.2317 7575962.7215
454925.1759 7575929.0929
454826.2200 7575918.4630
454726.4811 7575911.3864
454628.2456 7575893.1499
454530.1896 7575873.5811
454432.1335 7575854.0123
454402.5912 7575759.8764
454371.4338 7575665.3278
454313.2461 7575585.3558
454233.1376 7575525.5180
454153.0291 7575465.6803
454109.3706 7575389.7220
454118.9983 7575290.1969
454128.6260 7575190.6719
454192.4070 7575147.7661
454292.2619 7575142.5768
454392.1167 7575137.3875
454491.0988 7575149.5400
454590.9146 7575150.9071
454685.6420 7575121.2496
454779.4710 7575086.6947
454873.9222 7575055.7208
454969.9494 7575045.5244
455045.2978 7574979.9354
455114.6305 7574907.8874
455180.6617 7574833.2267
455233.4919 7574748.3844
455281.6142 7574660.7364
455329.7365 7574573.0884
455384.2956 7574490.6002
455459.3710 7574424.5577
455534.4464 7574358.5152
455606.5261 7574289.4939
455667.7039 7574210.8114
455719.4284 7574125.2397
455768.6116 7574038.2812
455811.5207 7573947.9825
455852.2404 7573856.6598
455892.9601 7573765.3371
455953.1721 7573691.5411
456039.6690 7573641.3792
456110.9708 7573575.7113
456152.0456 7573485.2736
456183.0693 7573390.2186
456214.0930 7573295.1636
456241.0057 7573198.9434
456247.0174 7573100.4290
456231.0383 7573001.9398
456209.4274 7572904.3135
456187.8165 7572806.6872
456158.9754 7572711.1553
456115.4918 7572621.5391
456065.4724 7572534.9597
456015.4529 7572448.3804
456001.2199 7572353.7546
456009.3646 7572254.0973
456018.2096 7572154.9921
456112.7269 7572122.7213
456197.2410 7572070.6031
456255.4772 7571989.3228
456313.7133 7571908.0426
456373.4634 7571827.8751
456413.7034 7571875.9068
456460.0681 7571964.0916
456510.8477 7572050.2273
456561.6273 7572136.3630
456584.8832 7572232.7061
456610.4813 7572329.2955
456637.6528 7572425.5225
456667.1619 7572521.0524
456719.4928 7572605.6076
456790.1306 7572675.9488
456862.7212 7572744.7124
456935.2346 7572813.5582
457007.7479 7572882.4039
457068.2693 7572961.7573
457139.0672 7573032.0948
457219.9565 7573090.7394
457301.6042 7573148.4591
457383.2520 7573206.1789
457471.4418 7573253.2416
457568.5204 7573276.7896
457640.6977 7573209.6352
457687.5086 7573121.2812
457733.9114 7573032.7784
457789.7551 7572949.8362
457845.5988 7572866.8940
457869.4862 7572898.4139
457897.3211 7572992.7058
457944.5100 7573080.7200
457997.7364 7573165.3318
458082.8846 7573173.4512
458161.3540 7573115.9374
458233.4668 7573046.6721
458305.5795 7572977.4068
458349.4911 7572888.6985
458378.0140 7572792.9694
458394.4182 7572694.4239
458422.3491 7572598.4642
458450.9712 7572502.6587
458512.6380 7572446.6750
458612.0787 7572436.2126
458711.5194 7572425.7502
458791.1782 7572464.2077
458855.3961 7572540.8496
458930.5569 7572605.7450
459025.4184 7572618.2443
459112.6898 7572575.0444
459153.4825 7572488.0025
459180.5220 7572391.7450
459207.0517 7572295.3391
459240.2095 7572201.0212
459288.0391 7572114.9300
459351.6537 7572037.7866
459415.2684 7571960.6432
459506.0793 7571936.0776
459605.7990 7571928.7350
459705.5186 7571921.3924
459803.6090 7571937.4762
459900.6855 7571961.3980
459997.6208 7571985.9231
460090.8603 7572015.9608
460150.3652 7572096.3167
460178.6310 7572157.2682
460080.2261 7572139.5368
459982.1814 7572133.1960
459885.0929 7572157.1076
459788.0045 7572181.0191
459690.1098 7572199.9385
459590.4302 7572207.8060
459490.7506 7572215.6734
459397.9703 7572244.8695
459318.2885 7572304.8151
459290.1206 7572392.9118
459334.1568 7572477.8472
459397.1198 7572555.4985
459460.9004 7572632.5048
459524.6810 7572709.5110
459580.1301 7572792.2583
459659.9573 7572814.6623
459758.4754 7572797.5712
459856.9935 7572780.4802
459955.5116 7572763.3891
460055.2096 7572757.6609
460117.3040 7572680.7601
460172.3304 7572597.2735
460227.3568 7572513.7868
460273.5461 7572460.7595
460283.0673 7572558.8411
460333.3969 7572643.9145
460408.6678 7572709.7340
460483.9388 7572775.5535
460540.6310 7572855.7931
460553.1886 7572952.7132
460552.7365 7573052.7018
460488.2887 7573106.9723
460397.8151 7573148.9980
460346.8495 7573228.5047
460339.9089 7573327.2138
460340.1281 7573427.2032
460336.6444 7573527.0885
460352.0205 7573625.0968
460374.6942 7573722.4817
460397.3679 7573819.8667
460427.6352 7573915.0605
460480.6887 7573998.8486
460562.2179 7574054.1808
460659.9568 7574063.0431
460755.3657 7574035.9857
460834.5498 7573975.7165
460912.2552 7573912.7896
460983.6093 7573880.8429
461030.2857 7573969.2694
461088.2855 7574047.8841
461175.5315 7574092.7940
461272.8569 7574115.7218
461328.8502 7574191.1965
461374.0585 7574280.3824
461419.2669 7574369.5684
461494.4814 7574432.3086
461571.0297 7574496.4790
461646.3604 7574562.2301
461719.2968 7574630.1671
461778.5396 7574710.6954
461841.3315 7574788.5100
461904.1233 7574866.3245
461938.1400 7574953.6597
461948.6945 7575051.6768
462006.9323 7575123.2479
462100.9478 7575153.0738
462198.0471 7575175.7530
462293.5802 7575205.2714
462384.3954 7575242.6093
462460.6407 7575299.5236
462555.0113 7575283.7730
462627.3206 7575214.7622
462696.6343 7575142.6960
462765.9480 7575070.6298
462854.6130 7575041.0447
462954.4776 7575036.0453
463049.3908 7575014.8378
463135.0012 7574963.1775
463220.6116 7574911.5172
463317.5581 7574916.3898
463416.4672 7574931.0499
463508.6219 7574959.3980
463580.4308 7575028.9782
463652.2396 7575098.5585
463724.0485 7575168.1387
463691.7151 7575261.4079
463657.0688 7575355.2031
463622.4225 7575448.9984
463589.2055 7575542.9169
463622.9166 7575620.0631
463714.4873 7575589.6118
463775.5911 7575514.7305
463812.5738 7575421.8316
463849.5565 7575328.9328
463886.5392 7575236.0339
463958.7682 7575173.4992
464045.1706 7575123.1747
464131.5729 7575072.8502
464215.6928 7575019.2330
464293.1342 7574955.9815
464370.5757 7574892.7300
464455.5658 7574859.8755
464553.6007 7574879.5496
464651.6357 7574899.2238
464745.6755 7574930.6697
464835.4338 7574974.7304
464925.1922 7575018.7912
464893.7850 7575070.3861
464816.4911 7575133.4504
464741.9276 7575200.0702
464652.2637 7575239.4460
464556.2522 7575267.3693
464470.0964 7575305.0267
464443.3671 7575401.3775
464416.4103 7575497.2200
464328.0244 7575461.2187
464256.0142 7575530.5906
464184.0040 7575599.9625
464230.8658 7575635.3629
464328.6584 7575656.2083
464411.1070 7575701.3459
464491.9257 7575738.8913
464591.8840 7575736.3912
464680.3191 7575751.4461
464717.7838 7575844.1516
464755.2485 7575936.8572
464804.1299 7576023.4503
464860.5107 7576106.0283
464834.3988 7576149.5012
464761.3286 7576189.4680
464812.5535 7576275.3396
464849.6458 7576364.5437
464842.1813 7576464.2543
464834.7168 7576563.9649
464840.2817 7576663.4615
464896.6787 7576742.1107
464964.5381 7576815.5479
465030.4670 7576889.5791
465015.6245 7576988.4610
465007.2622 7577086.4786
465050.6856 7577176.1917
465109.2281 7577257.2516
465167.7705 7577338.3115
465195.1443 7577406.6202
465096.5735 7577423.4047
464998.0027 7577440.1892
464901.1042 7577421.3170
464804.5371 7577395.3802
464709.5328 7577364.4894
464615.5621 7577330.3217
464526.9143 7577285.0234
464441.3290 7577233.3216
464355.7437 7577181.6198
464291.6742 7577107.4314
464236.2481 7577024.2095
464180.8220 7576940.9877
464124.0710 7576858.6689
464039.7213 7576810.7131
463974.7515 7576871.0242
463898.6554 7576935.8304
463822.3229 7577000.4158
463737.8084 7577012.9759
463645.3363 7576974.9386
463552.8642 7576936.9012
463473.8428 7576879.8942
463391.4542 7576830.4259
463295.4114 7576802.6105
463199.3685 7576774.7952
463114.2725 7576726.1885
463025.1215 7576686.4726
462927.0303 7576687.3678
462830.7120 7576713.0686
462733.4250 7576734.7598
462634.6791 7576750.4816
462538.8108 7576761.3977
462506.0450 7576666.9291
462472.2735 7576583.7420
462423.8099 7576671.1835
462380.4192 7576761.2677
462337.0285 7576851.3520
462278.7571 7576925.4181
462185.7265 7576962.0681
462092.6958 7576998.7181
462015.4469 7576974.0091
461951.6442 7576897.0211
461887.8415 7576820.0332
461807.1093 7576763.2407
461717.4377 7576724.8180
461632.1476 7576770.2802
461610.4791 7576862.9276
461624.1840 7576961.4171
461650.4832 7577057.8168
461680.2107 7577153.2820
461710.2380 7577248.6564
461681.6983 7577307.0023
461594.1440 7577345.1966
461538.8513 7577425.7855
461499.6175 7577517.7563
461460.3837 7577609.7271
461410.0524 7577695.4962
461357.0487 7577780.1546
461307.2443 7577866.8578
461262.6978 7577956.2450
461221.7834 7578047.4806
461180.9318 7578138.7443
461140.0802 7578230.0081
461104.0497 7578323.1904
461091.5234 7578421.1652
461090.4479 7578521.1490
461089.3725 7578621.1329
461071.5629 7578718.8616
461046.1324 7578815.5632
461020.7019 7578912.2649
461013.2632 7579011.4418
461011.6360 7579111.4181
461010.0089 7579211.3945
461024.8586 7579310.0965
461068.2820 7579399.8238
461139.7467 7579469.1712
461236.8327 7579489.6678
461336.6883 7579494.5495
461423.1135 7579444.8334
461517.7349 7579412.5112
461612.3562 7579380.1890
461710.8191 7579373.5194
461775.1325 7579305.6694
461838.2123 7579255.5542
461920.8571 7579311.8371
462003.5019 7579368.1200
462090.3759 7579375.3362
462181.4327 7579334.0254
462264.5094 7579278.7535
462343.0316 7579216.8874
462355.1882 7579126.0099
462276.2575 7579066.0835
462180.0470 7579038.8538
462083.8364 7579011.6241
461989.7630 7578978.3225
461897.7070 7578939.2889
461878.3412 7578874.5899
461926.6269 7578798.5159
461991.0516 7578874.5273
462076.8495 7578924.9825
462172.5367 7578953.9978
462268.2238 7578983.0131
462364.4266 7579010.1242
462460.9892 7579015.5354
462546.7728 7578969.9476
462615.5786 7578897.3964
462689.6157 7578839.2294
462788.9532 7578850.6309
462888.2906 7578862.0324
462977.0004 7578892.9244
463040.3887 7578970.2538
463103.7770 7579047.5832
463141.5676 7579131.8445
463125.8611 7579230.5928
463110.1546 7579329.3412
463065.0757 7579411.2676
462987.8515 7579474.7841
462910.6273 7579538.3006
462829.4333 7579596.2456
462745.7811 7579650.9403
462666.4728 7579711.6678
462591.0699 7579777.3130
462516.8199 7579844.2822
462442.5699 7579911.2513
462370.3929 7579980.3857
462319.0244 7580063.8177
462284.2418 7580157.5494
462250.7727 7580251.7711
462217.3036 7580345.9929
462163.0699 7580428.1170
462103.5369 7580508.2638
462067.2738 7580600.0365
462043.4767 7580697.1455
462020.4862 7580794.4561
462019.1864 7580893.3723
462036.3028 7580991.7339
462056.7881 7581089.6025
462075.2196 7581187.8701
462092.8557 7581286.2921
462110.5612 7581384.7016
462153.4744 7581473.5463
462223.3385 7581543.8173
462308.3640 7581595.6139
462404.1672 7581592.7032
462502.4070 7581574.0787
462561.5300 7581531.2639
462461.7134 7581525.5982
462362.0962 7581516.9758
462262.4791 7581508.3534
462228.5449 7581454.1824
462255.3893 7581357.8636
462321.0677 7581364.7626
462412.2499 7581404.1347
462508.4160 7581396.8796
462593.2789 7581347.0489
462673.2564 7581287.0362
462743.3541 7581216.2714
462809.9036 7581141.6451
462886.1229 7581077.4688
462965.6792 7581016.8989
463045.2355 7580956.3289
463131.8520 7580983.0448
463220.1089 7581030.0410
463301.5159 7581080.2933
463283.4611 7581178.5899
463309.1694 7581225.9601
463398.5724 7581181.1827
463487.9755 7581136.4052
463579.7150 7581122.7747
463674.7977 7581153.7133
463770.6502 7581182.0513
463864.9179 7581214.6554
463956.9955 7581253.6381
464049.0730 7581292.6207
464023.8916 7581383.6023
463991.0274 7581478.0154
464047.0097 7581513.9257
464132.6792 7581462.3633
464218.3486 7581410.8010
464294.1360 7581436.5618
464364.0842 7581508.0122
464434.0324 7581579.4627
464523.3958 7581557.3069
464617.8015 7581524.3600
464712.2071 7581491.4131
464809.6145 7581499.6638
464907.7988 7581518.5784
465004.0967 7581542.4439
465092.3329 7581580.8939
465169.9888 7581533.0710
465222.1872 7581447.7876
465274.3857 7581362.5043
465335.6354 7581284.2851
465394.7945 7581204.7955
465420.4825 7581110.9234
465434.5093 7581012.3266
465456.6935 7580914.8290
465478.8776 7580817.3314
465565.7276 7580847.3142
465657.5021 7580887.0051
465745.2623 7580930.4860
465780.1879 7581024.1509
465832.9407 7581081.9458
465875.5460 7581011.6528
465841.6840 7580919.2891
465792.3171 7580832.3715
465745.2173 7580744.1699
465698.1175 7580655.9682
465693.1542 7580563.5503
465721.8439 7580467.7650
465750.5336 7580371.9797
465798.6834 7580286.1697
465859.6998 7580206.9554
465920.7163 7580127.7410
465997.4025 7580066.0320
466077.9684 7580007.1566
466154.3658 7579942.6688
466222.5070 7579869.9059
466288.9695 7579795.2372
466356.6594 7579721.6437
466424.3492 7579648.0502
466505.5132 7579591.0356
466591.3911 7579539.8211
466677.2689 7579488.6067
466757.9508 7579429.7202
466837.3784 7579368.9815
466918.7121 7579310.8272
467000.1991 7579252.8807
467081.6861 7579194.9343
467171.4605 7579151.1441
467264.2995 7579114.0501
467357.3260 7579077.3895
467450.3525 7579040.7289
467550.1504 7579039.1436
467649.3711 7579026.9165
467748.3418 7579012.6812
467847.3062 7578998.3990
467946.2705 7578984.1167
468045.4500 7578971.4162
468145.4023 7578969.0529
468245.3681 7578966.8718
468342.1145 7578975.4157
468424.3536 7579032.2898
468504.4578 7579091.7887
468576.8932 7579160.7165
468649.3286 7579229.6442
468721.7641 7579298.5719
468770.7630 7579385.3460
468817.9446 7579473.5040
468845.2062 7579564.6731
468829.0594 7579663.2465
468833.9692 7579760.4580
468887.2005 7579841.2079
468971.0698 7579895.6493
469054.9391 7579950.0906
469138.8084 7580004.5320
469231.0172 7580042.5381
469328.8138 7580062.6734