438522.8506 7548789.8686
438528.8674 7548889.3116
438587.7469 7548969.0955
438648.1695 7549048.3056
438708.5921 7549127.5157
438769.8532 7549206.0531
438838.4324 7549277.3775
438925.0594 7549323.0039
439023.5408 7549337.1445
439122.9649 7549343.4680
439222.3889 7549349.7916
439321.8129 7549356.1152
439394.4735 7549307.2800
439426.6209 7549215.2338
439416.5196 7549118.0780
439374.5762 7549028.8729
439316.4323 7548948.1998
439239.0889 7548888.7203
439147.5131 7548850.1572
439056.1830 7548860.2695
438961.1085 7548883.9641
438861.9014 7548893.0785
438762.6943 7548902.1928
438665.2446 7548908.0898
438617.0466 7548822.3065
438522.8506 7548789.8686