444423.5943 7551727.5876
444455.3588 7551820.8149
444492.5594 7551912.0044
444529.9034 7552003.1402
444567.2474 7552094.2760
444604.5914 7552185.4117
444622.4279 7552281.7677
444683.6488 7552358.9188
444779.3555 7552357.5983
444877.5912 7552350.5231
444975.8268 7552343.4480
444993.8398 7552248.3829
444991.2661 7552149.9472
444969.6840 7552053.9497
444945.5717 7551958.4581
444887.3646 7551880.4516
444803.1227 7551831.8048
444709.3230 7551802.8329
444614.0801 7551777.7511
444518.8372 7551752.6694
444423.5943 7551727.5876