610938.6678 7722931.8906
610736.2603 7722924.1138
610539.9883 7722975.0112
610343.5926 7723025.3963
610145.7152 7723069.6428
609947.8378 7723113.8893
609758.5025 7723176.6910
609602.5663 7723305.3181
609464.3693 7723453.6921
609453.6450 7723609.1181
609647.3657 7723668.9975
609841.0863 7723728.8770
609920.4667 7723840.2619
609943.7263 7723999.6901
610112.8305 7724014.5414
610244.2966 7723872.1380
610339.7230 7723693.2329
610435.1493 7723514.3278
610597.8838 7723403.0895
610752.2756 7723272.9456
610892.1459 7723126.2504
610938.6678 7722931.8906