450488.9713 7554147.1873
450390.7392 7554169.3107
450314.6686 7554236.6666
450238.5980 7554304.0224
450199.7515 7554396.2743
450167.6167 7554492.6628
450135.6104 7554589.0950
450111.0251 7554687.0746
450107.9330 7554788.2531
450135.3354 7554882.3880
450213.7961 7554931.0927
450311.7536 7554915.2804
450401.2460 7554868.2371
450407.4783 7554804.5793
450348.0176 7554722.3314
450342.5013 7554646.3302
450417.0932 7554577.4823
450464.3817 7554489.6306
450501.3222 7554394.9788
450538.2628 7554300.3271
450571.2176 7554206.8456
450488.9713 7554147.1873