458541.7557 7563950.3914
458558.5449 7563852.6613
458566.4883 7563753.8307
458483.9422 7563702.0228
458416.0258 7563629.7703
458348.1095 7563557.5178
458280.1932 7563485.2653
458215.4013 7563412.0263
458226.0612 7563314.8172
458163.9017 7563237.5602
458099.3655 7563162.2732
458034.8293 7563086.9862
457954.6082 7563046.6190
457907.8507 7563134.0649
457861.0931 7563221.5108
457814.3355 7563308.9567
457773.4540 7563399.0286
457790.0410 7563496.3043
457808.5023 7563593.7323
457826.9637 7563691.1604
457845.5904 7563788.5437
457878.8316 7563881.9674
457906.6104 7563977.1588
457963.4911 7564057.6021
458059.3715 7564076.9794
458082.4596 7563980.5429
458105.5478 7563884.1065
458128.6359 7563787.6700
458190.3173 7563781.0821
458276.1546 7563830.7310
458361.9919 7563880.3799
458447.8291 7563930.0289
458541.7557 7563950.3914