545176.9248 7691393.4473
545241.8635 7691320.0299
545236.7581 7691225.0291
545145.4983 7691184.1428
545054.2385 7691143.2565
544962.9786 7691102.3702
544912.8427 7691025.2085
544875.8654 7690932.4849
544830.1545 7690843.6249
544767.3312 7690766.8925
544686.9847 7690708.4283
544601.8528 7690655.9630
544516.7209 7690603.4977
544516.9197 7690517.8033
544544.1508 7690421.5821
544581.1700 7690334.4695
544659.1131 7690288.2243
544657.4711 7690189.2348
544633.8232 7690092.0710
544610.1753 7689994.9071
544578.8388 7689900.5737
544533.8393 7689811.2704
544488.8398 7689721.9670
544483.6689 7689633.3309
544531.6346 7689545.5851
544579.6004 7689457.8392
544637.1257 7689376.9670
544697.7388 7689298.0054
544739.1107 7689207.8884
544760.9789 7689110.6141
544777.3056 7689011.9850
544796.0956 7688913.7659
544814.8857 7688815.5469
544854.1615 7688724.9827
544904.3848 7688638.5092
544954.6081 7688552.0357
545012.0633 7688470.4283
545073.2460 7688391.3288
545137.1170 7688314.4235
545202.3538 7688238.6330
545267.5906 7688162.8424
545345.1298 7688100.9973
545428.4640 7688045.7212
545511.7983 7687990.4451
545575.8633 7687914.8694
545635.4016 7687834.5249
545694.9399 7687754.1804
545749.9222 7687670.6794
545783.7090 7687576.9120
545809.5180 7687480.3198
545841.3972 7687385.5696
545874.1155 7687291.0733
545906.8339 7687196.5770
545965.7931 7687116.2185
546025.8806 7687036.2845
546085.9069 7686956.3039
546145.9332 7686876.3233
546230.8246 7686824.1707
546317.0301 7686773.4889
546406.8083 7686749.9440
546495.9141 7686724.1392
546512.2890 7686642.0524
546492.2920 7686544.0719
546472.2950 7686446.0915
546456.5105 7686347.3709
546418.5428 7686255.7066
546374.4817 7686165.9366
546365.2227 7686086.7379
546451.7692 7686036.6404
546465.7069 7685950.8472
546463.8919 7685850.9182
546463.0350 7685750.9217
546461.6070 7685650.9342
546451.5563 7685551.9107
546410.8572 7685464.1674
546366.3379 7685379.8954
546345.7386 7685283.8507
546289.8854 7685200.9021
546234.0321 7685117.9536
546201.3401 7685028.9332
546209.3153 7684929.2515
546217.2906 7684829.5698
546241.9009 7684734.7959
546268.0253 7684641.4613
546267.3249 7684541.4636
546266.6244 7684441.4658
546317.0657 7684375.2847
546405.2691 7684333.9056
546410.1750 7684234.0258
546415.0809 7684134.1460
546426.5152 7684034.9271
546441.7267 7683936.0906
546437.0972 7683846.2894
546349.0285 7683801.8892
546250.6923 7683783.7225
546152.3561 7683765.5557
546102.1528 7683686.0597
546061.1362 7683594.8584
546020.1196 7683503.6571
545957.0074 7683426.5608
545891.5462 7683350.9640
545826.0850 7683275.3672
545782.0923 7683185.8599
545718.0856 7683109.3620
545650.7104 7683035.4686
545583.2055 7682961.6911
545507.2820 7682896.6946
545430.7254 7682832.3585
545354.1688 7682768.0224
545282.6603 7682698.1311
545207.6166 7682632.0426
545125.7290 7682574.6735
545041.8132 7682520.2870
544957.8478 7682465.9745
544874.2276 7682411.2419
544804.6773 7682339.3892
544733.3525 7682270.1731
544640.6029 7682232.7893
544548.6724 7682193.4919
544457.6026 7682152.1841
544366.5329 7682110.8762
544326.4738 7682023.7953
544295.2354 7681928.7995
544263.9970 7681833.8037
544243.3656 7681736.0329
544215.7381 7681639.9732
544187.0593 7681544.1736
544158.3806 7681448.3739
544141.6069 7681349.8561
544125.8649 7681251.1027
544110.1229 7681152.3493
544116.7437 7681052.7530
544118.5574 7680952.7842
544119.9088 7680852.7931
544121.2603 7680752.8020
544131.3361 7680653.3288
544081.5009 7680567.0297
544030.5746 7680480.9684
543981.3871 7680394.3530
543973.1376 7680294.6936
543964.8881 7680195.0343
543957.0295 7680095.3602
543957.7603 7679995.3626
543958.1433 7679895.3759
543951.0933 7679795.6252
543941.1089 7679696.2873
543902.6910 7679604.4690
543841.5880 7679525.3080
543780.4849 7679446.1470
543727.9932 7679363.0078
543707.3262 7679265.1666
543686.5781 7679167.3425
543661.5705 7679070.8345
543622.2725 7678978.8824
543581.7405 7678887.4646
543540.3483 7678796.4498
543496.0645 7678706.7894
543451.7808 7678617.1289
543439.3726 7678524.6601
543474.8681 7678431.6201
543519.9304 7678342.3484
543564.9928 7678253.0768
543615.0584 7678166.6512
543642.5730 7678073.2466
543656.1719 7677974.2228
543672.2224 7677875.5191
543688.2728 7677776.8153
543778.8835 7677774.4586
543878.1577 7677780.8948
543945.0571 7677726.0921
543950.1922 7677627.3215
543930.0134 7677529.6738
543900.2448 7677434.2072
543868.0020 7677339.6078
543831.6540 7677246.4474
543795.2046 7677153.3267
543758.4812 7677060.3137
543721.5810 7676967.3706
543684.6807 7676874.4276
543653.0980 7676779.8088
543625.9995 7676683.6979
543582.2415 7676594.9625
543522.3939 7676514.8481
543462.5464 7676434.7337
543418.2587 7676347.1486
543371.9483 7676262.8149
543303.2127 7676190.2829
543236.5598 7676115.7348
543179.7474 7676035.1788
543141.4444 7675942.8860
543097.9962 7675852.8176
543054.5481 7675762.7493
543027.2339 7675669.2355
543030.1008 7675569.2764
543032.9677 7675469.3173
543040.2029 7675369.7285
543051.0970 7675270.3994
543057.1900 7675170.5849
543063.2830 7675070.7705
543083.4429 7674974.2266
543122.0084 7674881.9621
543160.5740 7674789.6976
543198.7165 7674786.5378
543236.4043 7674879.1643
543274.0922 7674971.7908
543313.2083 7675063.8211
543384.4913 7675025.4815
543390.0666 7674925.6920
543389.2594 7674825.6950
543388.4521 7674725.6980
543392.0092 7674626.1109
543411.4179 7674528.0122
543436.9124 7674432.0684
543483.5560 7674343.6126
543536.9464 7674265.7780
543636.8395 7674261.1498
543713.6271 7674231.2628
543727.1151 7674132.1763
543740.6031 7674033.0899
543755.3027 7673934.1833
543743.9490 7673837.4739
543713.6590 7673742.1715
543683.3690 7673646.8690
543663.7507 7673549.0995
543618.1474 7673462.4731
543560.9418 7673380.4513
543503.7363 7673298.4295
543495.6214 7673201.8211
543498.7562 7673101.8700
543501.8909 7673001.9189
543565.2080 7672928.6539
543637.1791 7672859.2263
543578.3872 7672789.9600
543506.2449 7672720.7103
543444.0378 7672643.2059
543389.1790 7672559.5964
543334.3203 7672475.9868
543312.1601 7672379.7512
543296.5916 7672280.9703
543281.0232 7672182.1894
543252.9103 7672086.3889
543222.3846 7671991.1616
543191.8589 7671895.9344
543150.7204 7671804.8947
543081.0623 7671734.2586
543007.5850 7671666.4270
542931.2391 7671601.8817
542854.0988 7671538.2467
542776.9585 7671474.6117
542701.2672 7671409.2639
542603.9874 7671394.7605
542504.4012 7671385.6695
542415.2376 7671364.8801
542394.7561 7671266.9998
542374.2747 7671169.1195
542365.4972 7671070.1289
542357.7300 7670970.8230
542325.7632 7670877.3597
542280.1062 7670788.3907
542234.4491 7670699.4217
542229.5440 7670605.3501
542235.1013 7670506.4302
542180.9890 7670435.5072
542091.0758 7670392.5858
541996.2550 7670361.1160
541900.3579 7670332.7648
541829.1867 7670286.0458
541817.4031 7670189.1259
541769.9236 7670101.1160
541722.4442 7670013.1060
541666.6128 7669931.0900
541598.4306 7669857.9380
541526.6112 7669788.6046
541450.2265 7669724.0645
541365.2011 7669675.1936
541269.2489 7669647.1263
541172.5967 7669621.4671
541075.9445 7669595.8079
540983.4084 7669559.7417
540895.3533 7669512.3461
540807.2982 7669464.9506
540720.0644 7669416.0908
540633.1658 7669366.6201
540545.6777 7669318.1859
540458.1895 7669269.7517
540392.2554 7669201.0296
540320.7268 7669148.5316
540222.1098 7669131.9562
540127.4297 7669110.7725
540095.6560 7669015.9544
540063.8822 7668921.1363
540043.4872 7668826.0811
540071.0803 7668729.9640
540098.5027 7668633.8060
540128.2893 7668538.3450
540158.0760 7668442.8840
540183.1439 7668346.3014
540190.9837 7668247.2802
540128.9716 7668208.1251
540030.5101 7668222.9993
539932.9530 7668244.9688
539835.3959 7668266.9383
539736.1922 7668270.1491
539642.2134 7668259.7882
539634.4576 7668161.0215
539598.7745 7668067.6044
539563.0914 7667974.1873
539536.9558 7667878.6414
539506.5570 7667788.3339
539432.9409 7667722.6918
539344.8316 7667675.6342
539254.1906 7667633.3938
539163.5496 7667591.1533
539112.8128 7667519.7842
539100.2056 7667420.5819
539039.6978 7667352.2972
538957.6446 7667295.1858
538876.1328 7667237.2559
538794.6209 7667179.3261
538763.5764 7667084.8051
538679.5441 7667031.7368
538594.1122 7666979.7616
538516.8949 7666923.2532
538518.4675 7666823.2653
538520.0401 7666723.2775
538537.1449 7666625.4026
538562.3391 7666528.6281
538611.1615 7666561.3210
538668.9162 7666642.9571
538613.6245 7666574.4757
538551.1202 7666496.4165
538478.5036 7666428.3704
538401.0633 7666365.1008
538323.6230 7666301.8312
538279.1771 7666214.0946
538241.1240 7666121.6176
538203.0708 7666029.1406
538188.6466 7665930.5693
538172.0402 7665831.9749
538128.8787 7665742.2406
538082.7771 7665653.5012
538036.6754 7665564.7618
538053.4408 7665467.4390
538074.0668 7665369.5890
538085.2995 7665270.4140
538055.4500 7665177.0472
538015.3442 7665085.4417
537962.6004 7665000.7902
537882.4165 7664943.7018
537794.2079 7664896.6369
537713.5893 7664861.5424
537738.8402 7664957.6533
537777.7593 7665049.7693
537816.6784 7665141.8852
537794.0190 7665203.7589
537697.3288 7665229.2747
537601.2506 7665252.5013
537530.1865 7665182.1455
537459.1224 7665111.7897
537409.7047 7665030.1391
537368.1743 7664942.7770
537304.8950 7664865.3447
537241.6157 7664787.9123
537198.8562 7664699.5774
537170.1061 7664603.7992
537141.3560 7664508.0209
537097.4664 7664418.4809
537050.3961 7664330.2515
537003.3257 7664242.0221
536962.5335 7664150.7615
536896.9210 7664076.2782
536822.5505 7664009.4826
536747.4467 7663943.4564
536672.3429 7663877.4302
536629.6775 7663788.2085
536591.4834 7663695.7896
536553.2894 7663603.3706
536526.6352 7663507.0617
536501.0851 7663410.3806
536475.5350 7663313.6995
536490.4999 7663215.5456
536508.9626 7663117.2645
536519.0186 7663019.5803
536486.8527 7662924.8945
536454.6868 7662830.2088
536417.4692 7662738.1223
536349.5769 7662671.3439
536252.4844 7662663.8285
536157.5065 7662694.8868
536064.1880 7662730.8269
535970.8694 7662766.7670
535885.1097 7662741.3182
535862.1013 7662658.0247
535875.2172 7662558.8883
535850.7082 7662464.6581
535812.6092 7662372.2000
535776.5744 7662280.1552
535847.3365 7662209.4956
535915.9750 7662137.1510
535953.9701 7662046.5721
535971.1078 7661948.0513
536042.4686 7661928.9297
536115.2494 7661875.3446
536111.9410 7661778.2538
536097.0227 7661679.3786
536081.8212 7661580.5406
536054.8185 7661484.3006
536008.8042 7661395.6408
535942.1395 7661321.2976
535874.4923 7661247.6504
535812.6481 7661170.7308
535784.6313 7661074.7355
535756.6146 7660978.7401
535730.7557 7660882.2822
535716.6996 7660783.2767
535701.2156 7660684.4825
535684.7681 7660585.8706
535651.6600 7660497.5925
535557.8261 7660464.9247
535459.4619 7660446.9101
535361.0977 7660428.8954
535315.8941 7660363.4287
535290.2897 7660267.9932
535251.4967 7660175.8301
535211.9507 7660083.9815
535172.4047 7659992.1330
535179.8338 7659898.4627
535201.1099 7659801.0871
535124.9015 7659819.3171
535032.6650 7659857.9497
534941.1458 7659897.7059
534867.2743 7659965.1080
534791.4991 7660030.3530
534730.6230 7660109.6731
534694.2660 7660128.4110
534705.4789 7660029.0414
534716.6918 7659929.6718
534720.4313 7659829.9665
534721.1587 7659730.0017
534724.0753 7659630.0440
534726.9919 7659530.0863
534749.0767 7659432.9884
534727.2405 7659337.1302
534698.4699 7659241.3581
534669.6994 7659145.5860
534608.7376 7659067.0416
534513.9375 7659037.2728
534417.9071 7659009.3768
534340.3540 7658957.2270
534287.9628 7658872.0495
534229.9722 7658790.9669
534171.0523 7658710.5232
534117.9528 7658625.7854
534116.8428 7658560.7442
534211.9720 7658531.3972
534267.0474 7658447.9301
534322.1227 7658364.4630
534385.1000 7658293.3638
534483.9841 7658278.4649
534582.8682 7658263.5661
534681.6867 7658248.2607
534774.6484 7658220.0965
534832.0037 7658143.2671
534848.7617 7658044.6810
534865.5198 7657946.0949
534896.7562 7657853.0409
534930.4510 7657762.3310
534903.5782 7657673.4396
534825.5916 7657614.2044
534734.9833 7657571.8938
534644.3750 7657529.5832
534558.9510 7657478.6147
534474.2239 7657426.2571
534383.2734 7657384.8421
534287.0824 7657367.0019
534187.1159 7657369.6002
534087.1494 7657372.1985
534007.4988 7657316.5778
533930.8519 7657252.3493
533854.9812 7657187.2969
533785.3692 7657115.6175
533707.6590 7657052.6796
533629.9489 7656989.7417
533551.2210 7656928.2037
533467.3830 7656873.6948
533383.5449 7656819.1858
533337.9874 7656744.1271
533298.6973 7656665.1214
533216.1149 7656608.7282
533133.5326 7656552.3349
533069.4860 7656478.1530
533016.5356 7656393.3219
532961.5272 7656309.8318
532901.8530 7656229.6550
532829.6684 7656161.3699
532743.8988 7656111.0329
532653.9732 7656067.2902
532561.5271 7656029.4560
532463.7097 7656019.5439
532363.7284 7656019.8609
532263.7326 7656018.9192
532163.7368 7656017.9776
532069.6408 7655987.2096
531971.9040 7655966.9654
531873.5721 7655948.7753
531775.2402 7655930.5851
531683.8950 7655890.1993
531592.8734 7655848.7854
531495.7740 7655869.2394
531397.0388 7655885.0957
531298.3037 7655900.9521
531213.5514 7655896.6490
531193.8108 7655798.6166
531174.0702 7655700.5842
531176.3279 7655602.5472
531133.7085 7655639.4515
531070.9454 7655717.3008
531007.9601 7655794.9725
530944.9747 7655872.6442
530858.3940 7655823.2405
530771.7242 7655773.3569
530700.3735 7655708.8520
530648.8508 7655623.5856
530588.2922 7655544.0089
530528.2367 7655464.0502
530468.1813 7655384.0916
530416.6637 7655299.2824
530378.7278 7655206.7572
530340.7920 7655114.2320
530340.3141 7655024.1131
530389.7772 7654937.2025
530331.4285 7654865.3737
530260.0152 7654795.3724
530188.6018 7654725.3711
530132.7560 7654642.6895
530074.6248 7654561.3373
529986.0641 7654517.5265
529894.3857 7654477.5876
529802.7073 7654437.6488
529735.1719 7654364.9472
529669.8741 7654289.2093
529604.5763 7654213.4713
529579.8869 7654117.4715
529558.6385 7654019.7548
529537.3900 7653922.0381
529499.3731 7653829.6497
529432.5309 7653897.4557
529361.0619 7653967.4002
529289.5930 7654037.3447
529206.7041 7654050.5203
529113.7483 7654013.6522
529040.2577 7653970.5860
529094.7816 7653886.7577
529129.1492 7653800.4735
529096.3489 7653706.0056
529043.0148 7653632.1117
528949.0329 7653622.6903
528856.1531 7653659.7495
528769.3516 7653670.2115
528701.7895 7653596.4862
528631.2154 7653526.0486
528546.7319 7653474.2968
528450.7324 7653451.9748
528364.2690 7653485.4721
528290.4032 7653552.8805
528193.4478 7653560.8170
528093.5588 7653558.6392
527994.0460 7653548.7781
527894.5332 7653538.9169
527812.2526 7653490.5619
527738.6113 7653422.9084
527666.1740 7653354.2886
527615.9222 7653267.8340
527563.6800 7653182.5651
527508.7315 7653099.8356
527426.4489 7653043.0725
527339.8296 7652993.1010
527253.2104 7652943.1295
527192.6225 7652873.1675
527166.6981 7652776.5861
527140.7737 7652680.0047
527139.6372 7652593.7717
527226.5389 7652544.2930
527313.4405 7652494.8142
527390.1425 7652435.1870
527446.3198 7652353.5018
527522.7516 7652289.7946
527601.8842 7652229.1870
527676.1650 7652162.2362
527750.4458 7652095.2854
527824.7266 7652028.3346
527919.3335 7652003.3822
527877.6731 7651942.4193
527789.1073 7651896.5032
527694.2858 7651866.2914
527595.4492 7651851.0805
527496.6126 7651835.8697
527415.0918 7651785.1806
527334.5636 7651726.5874
527250.0468 7651673.1369
527213.9474 7651597.5360
527177.0692 7651574.0184
527090.1488 7651623.4641
527011.5154 7651683.8836
527048.2718 7651752.5830
527140.4380 7651784.2616
527236.7238 7651811.0893
527332.6335 7651839.3980
527428.5432 7651867.7066
527401.3932 7651953.0321
527360.9805 7652044.5026
527325.8980 7652137.0841
527326.4040 7652237.0831
527326.9100 7652337.0820
527301.5375 7652414.3723
527202.3204 7652426.8634
527103.1034 7652439.3545
527003.8864 7652451.8456
526913.2693 7652441.5465
526847.0383 7652366.6233
526780.8042 7652291.7033
526701.3860 7652231.7967
526609.7131 7652244.9091
526604.1048 7652340.0665
526636.7822 7652434.5770
526669.4597 7652529.0875
526602.3271 7652558.3326
526543.5198 7652630.6179
526511.1390 7652725.2304
526452.4753 7652790.3676
526354.7853 7652811.7384
526257.0953 7652833.1092
526164.9014 7652815.3543
526076.8800 7652767.8961
525988.8587 7652720.4380
525907.0195 7652663.5615
525828.4664 7652601.6788
525749.9134 7652539.7962
525778.6838 7652480.8929
525860.5490 7652423.4636
525953.0458 7652386.5007
526009.4050 7652305.4848
525991.7969 7652207.0506
525971.7784 7652109.0746
525951.7599 7652011.0986
525940.5586 7651911.8562
525910.1359 7651817.4184
525865.6487 7651727.9698
525806.7216 7651647.5719
525745.5908 7651568.4384
525684.8629 7651488.9892
525624.1350 7651409.5401
525677.1860 7651337.4650
525747.6611 7651266.5191
525792.6170 7651185.1750
525776.5280 7651088.5144
525733.2450 7650998.4269
525678.5905 7650915.5080
525605.7250 7650847.9667
525522.7215 7650792.2273
525436.3262 7650742.1455
525342.9049 7650710.1915
525244.7701 7650713.0105
525150.6172 7650745.4295
525063.1972 7650793.4139
524991.0048 7650860.2858
524949.0613 7650948.9636
524923.8467 7651045.7030
524896.2037 7651141.8066
524868.5606 7651237.9102
524845.5258 7651335.1447
524821.1309 7651432.0558
524793.9171 7651528.2819
524766.7033 7651624.5080
524749.1462 7651722.7015
524772.7716 7651817.0550
524834.2402 7651894.0946
524922.6560 7651936.3121
525020.8731 7651953.0383
525120.3745 7651948.5798
525219.9486 7651939.3579
525319.5226 7651930.1359
525361.6016 7652016.9473
525400.4993 7652109.0723
525433.0963 7652202.6638
525438.8781 7652302.4968
525448.9863 7652401.6366
525474.6797 7652498.2797
525488.2784 7652596.6289
525490.3196 7652696.6082
525489.3653 7652789.5739
525418.5497 7652718.9679
525347.7342 7652648.3619
525289.0229 7652568.2347
525200.5122 7652540.1741
525105.1645 7652564.7426
525037.7864 7652635.4442
525053.0347 7652729.9762
525064.3123 7652829.3366
525075.5664 7652928.7016
525090.8785 7653027.4279
525135.7587 7653112.1424
525202.9611 7653048.0034
525269.9499 7652973.7569
525265.8179 7653022.6376
525234.9743 7653117.7624
525180.1316 7653191.2492
525088.6979 7653231.7453
525004.9796 7653285.8910
524931.3464 7653353.2565
524915.2912 7653448.6565
524963.1142 7653534.1989
525013.5760 7653620.5245
525063.7672 7653707.0166
525097.6355 7653788.6563
525008.3464 7653833.6841
524919.0573 7653878.7119
524841.8546 7653940.8230
524770.7466 7654011.1280
524709.8593 7654090.0623
524652.6993 7654172.1158
524579.8991 7654231.7662
524492.6220 7654274.6861
524425.0556 7654347.6892
524365.9545 7654428.3558
524306.8533 7654509.0224
524224.1447 7654555.1715
524127.5372 7654580.9984
524030.9296 7654606.8252
523932.1789 7654617.3888
523841.4024 7654651.0620
523754.2459 7654700.0365
523666.2759 7654747.5898
523578.3059 7654795.1432
523479.9649 7654807.1543
523380.2256 7654814.3730
523280.5891 7654822.8854
523180.9625 7654831.5212
523081.3267 7654838.9054
522981.5849 7654832.8831
522881.8413 7654840.0431
522782.0977 7654847.2031
522682.3866 7654854.7230
522583.3600 7654867.4329
522487.6793 7654896.4998
522392.5211 7654927.2401
522297.3630 7654957.9803
522201.7213 7654986.7925
522103.1155 7655002.9820
522003.3668 7655010.0699
521903.6181 7655017.1577
521804.0351 7655019.0795
521704.9457 7655005.6131
521605.8564 7654992.1466
521685.0266 7654981.1940
521657.5283 7654895.9493
521574.5112 7654843.7609
521481.7194 7654806.4818
521410.4194 7654772.1543
521500.3629 7654738.3197
521578.5542 7654675.9805
521656.7455 7654613.6414
521715.1931 7654533.5273
521769.0069 7654449.2413
521796.3018 7654353.9742
521829.6851 7654259.8176
521864.6316 7654166.1224
521903.0756 7654075.4327
521990.4453 7654026.7852
522077.6132 7653977.7978
522162.1589 7653924.3929
522246.2944 7653870.4036
522324.6356 7653808.3432
522395.2227 7653737.5088
522465.8097 7653666.6744
522556.6533 7653640.2674
522656.4195 7653633.4297
522756.1857 7653626.5921
522791.7681 7653698.8478
522805.6181 7653797.8843
522819.4682 7653896.9207
522833.3182 7653995.9572
522832.4380 7654095.7447
522864.9680 7654189.0253
522935.5628 7654159.1708
522928.9769 7654059.5276
522933.4836 7653959.6290
522937.9902 7653859.7304
522942.4969 7653759.8317
522960.4063 7653665.4106
523027.1568 7653590.9498
523093.9073 7653516.4889
523167.8730 7653453.1891
523263.1727 7653422.8904
523357.8540 7653390.8550
523449.4003 7653350.9976
523527.7999 7653292.9941
523526.0010 7653208.1637
523568.6687 7653166.3842
523665.3164 7653141.6720
523750.1917 7653091.6908
523817.9048 7653018.9865
523864.7566 7652931.5479
523914.4458 7652845.1893
523969.4571 7652761.6800
524003.0724 7652670.4095
524014.3940 7652571.0523
524025.7157 7652471.6950
524045.5189 7652374.0452
524067.0383 7652276.6064
524066.8357 7652177.6861
524046.0072 7652080.0964
524009.4133 7651987.5192
523964.7221 7651898.0612
523920.0308 7651808.6032
523881.7720 7651716.4177
523848.5399 7651622.1008
523815.3079 7651527.7839
523798.9543 7651430.1200
523793.2797 7651330.2814
523785.1858 7651230.6247
523775.6795 7651131.0773
523754.9208 7651033.6947
523719.2287 7650940.5091
523678.5913 7650849.1382
523637.9539 7650757.7672
523623.4147 7650661.0613
523624.9343 7650561.0726
523626.4539 7650461.0840
523649.5762 7650364.9214
523659.9470 7650266.6409
523626.9383 7650174.9855
523553.8468 7650110.1447
523471.0388 7650054.0833
523388.2308 7649998.0219
523360.3549 7649906.7992
523343.1630 7649808.2889
523315.1476 7649712.4170
523285.0223 7649617.0623
523254.8971 7649521.7076
523299.0076 7649437.9917
523356.8697 7649356.4318
523415.4405 7649275.4742
523480.2968 7649202.2945
523487.9809 7649102.5900
523493.1448 7649002.9807
523477.8846 7648904.1517
523459.4481 7648806.2646
523418.9298 7648714.8554
523382.4017 7648621.7655
523345.8735 7648528.6755
523314.9577 7648434.2433
523303.9454 7648334.8930
523287.5235 7648236.2508
523271.6577 7648137.5172
523255.7918 7648038.7837
523237.8855 7647940.4811
523212.4619 7647843.7667
523187.0383 7647747.0522
523167.6471 7647649.5310
523164.3869 7647549.6706
523152.9760 7647450.3356
523132.4272 7647353.1675
523098.4437 7647261.1747
523125.0465 7647165.0831
523128.5646 7647065.1783
523123.6295 7646965.3297
523111.7458 7646866.0385
523096.6214 7646767.4081
523063.9535 7646672.9091
523027.1987 7646579.9084
522990.4439 7646486.9077
522956.3457 7646393.1681
522939.8052 7646294.5453
522923.2647 7646195.9225
522908.8729 7646097.1054
522906.1676 7645997.1918
522889.7415 7645899.7238
522838.6256 7645813.7750
522787.5096 7645727.8262
522738.5373 7645640.7655
522697.7242 7645549.4729
522656.9112 7645458.1803
522617.2168 7645366.4246
522581.7243 7645272.9354
522546.7831 7645179.2383
522511.8418 7645085.5411
522476.5333 7644991.9848
522439.3855 7644899.1466
522400.3518 7644807.0792
522361.3181 7644715.0117
522323.2641 7644622.5562
522288.6590 7644528.7344
522254.0540 7644434.9125
522222.3795 7644340.2330
522200.9361 7644242.5589
522178.3922 7644145.1555
522149.5536 7644049.5305
522107.8701 7643959.0597
522051.9326 7643876.1680
521995.9950 7643793.2762
521942.8711 7643708.7204
521897.1728 7643619.7726
521851.4746 7643530.8248
521807.2759 7643441.1617
521766.9062 7643349.6721
521726.5366 7643258.1826
521681.3342 7643169.3916
521622.8188 7643088.3679
521560.3253 7643010.2999
521497.8318 7642932.2319
521438.5986 7642851.8684
521386.1683 7642766.7150
521333.7381 7642681.5615
521292.1818 7642592.0795
521260.5513 7642498.5259
521209.7196 7642412.4086
521158.6274 7642326.4464
521105.2429 7642241.9301
521038.6883 7642169.0994
520958.8594 7642108.8715
520879.0306 7642048.6436
520807.8540 7641979.5662
520745.8424 7641901.1149
520683.0492 7641823.2947
520617.4909 7641747.8281
520553.6707 7641671.0026
520493.7486 7641590.9439
520433.8265 7641510.8853
520393.7133 7641421.2757
520329.6860 7641358.3098
520237.2648 7641320.1212
520144.8436 7641281.9327
520070.7180 7641217.3038
520002.4068 7641144.2722
519934.0957 7641071.2405
519875.3939 7640990.5757
519819.7133 7640907.5112
519764.0327 7640824.4467
519738.4920 7640729.4055
519721.9740 7640630.7789
519705.4561 7640532.1523
519683.9703 7640434.5238
519649.7237 7640340.7797
519606.8044 7640250.5139
519562.3729 7640160.9266
519496.3273 7640087.1334
519406.4272 7640098.5173
519355.3939 7640178.0770
519299.0268 7640260.2320
519239.3495 7640340.4733
519174.2251 7640413.5608
519082.6813 7640452.9611
518999.7337 7640508.8158
518916.7862 7640564.6706
518831.8159 7640616.4816
518737.4514 7640649.5748
518644.1159 7640685.2719
518554.2444 7640729.0946
518466.1192 7640776.3542
518379.5163 7640826.2519
518297.4462 7640883.2785
518220.0042 7640946.5433
518143.3470 7641010.7596
518066.6899 7641074.9758
517989.0819 7641137.9543
517908.1854 7641196.6563
517831.2952 7641260.5933
517754.4050 7641324.5303
517676.0981 7641386.5651
517603.2975 7641450.3364
517568.8977 7641544.1781
517542.8902 7641640.5910
517527.0079 7641739.3117
517513.6721 7641838.4187
517500.3362 7641937.5257
517477.3368 7642033.0947
517423.5290 7642117.3845
517369.7212 7642201.6743
517313.7590 7642284.4461
517252.4910 7642363.4794
517192.5500 7642443.4837
517135.7731 7642525.8027
517078.9961 7642608.1218
517016.9524 7642685.8683
516943.7148 7642753.9557
516872.8368 7642824.4096
516818.1476 7642905.5684
516791.6039 7643001.9167
516769.8452 7643099.5210
516748.0865 7643197.1253
516727.4210 7643294.9567
516722.6379 7643393.2259
516781.2289 7643457.6889
516874.7846 7643493.0071
516968.3403 7643528.3254
517048.4494 7643584.6764
517119.7737 7643654.7684
517191.0981 7643724.8603
517212.1000 7643816.7550
517214.4579 7643916.7275
517216.8158 7644016.6999
517220.6041 7644116.6248
517244.5702 7644212.9934
517275.3662 7644308.1335
517306.1622 7644403.2737
517307.7877 7644502.0499
517316.7660 7644601.3189
517345.4445 7644696.7736
517378.1545 7644791.2728
517410.8646 7644885.7720
517435.8456 7644982.5338
517477.4798 7645073.0375
517522.7727 7645162.1924
517568.0656 7645251.3473
517599.3253 7645346.1574
517628.5058 7645441.8054
517657.6864 7645537.4534
517657.3372 7645636.9198
517677.0270 7645734.6252
517699.5305 7645832.0605
517722.0384 7645929.4948
517744.5463 7646026.9291
517752.5352 7646126.5064
517759.1370 7646226.2885
517765.7388 7646326.0705
517762.4311 7646425.9797
517758.5962 7646525.9063
517754.7764 7646625.8336
517750.9566 7646725.7608
517743.1412 7646825.4502
517732.5544 7646924.8864
517721.8104 7647024.3078
517711.0664 7647123.7291
517688.8991 7647221.2114
517666.2329 7647318.6090
517643.5667 7647416.0065
517632.2879 7647515.3402
517622.1436 7647614.8245
517612.0267 7647714.3116
517601.9097 7647813.7987
517585.9682 7647912.5145
517585.3711 7648012.4738
517585.2733 7648112.4740
517605.6655 7648210.3082
517627.5797 7648307.8776
517649.5208 7648405.4410
517671.4620 7648503.0045
517672.6672 7648602.9368
517673.2954 7648702.9351
517673.9825 7648802.9315
517679.6350 7648902.7718
517685.2876 7649002.6122
517690.5721 7649102.4309
517673.2941 7649200.9272
517656.0162 7649299.4235
517638.3484 7649397.8145
517603.8105 7649491.6560
517576.9151 7649587.6387
517589.5462 7649686.8380
517602.2841 7649786.0223
517617.6081 7649884.8405
517635.0124 7649983.3145
517652.4167 7650081.7885
517668.0018 7650180.2125
517645.2059 7650277.5798
517622.4101 7650374.9471
517601.0179 7650472.5427
517591.7793 7650572.1153
517582.5407 7650671.6878
517568.6866 7650769.9358
517527.0726 7650860.4139
517513.9988 7650958.3016
517537.8616 7651055.4130
517561.7245 7651152.5243
517541.3724 7651242.7910
517489.2638 7651328.1417
517414.5373 7651355.1136
517351.3631 7651390.3970
517318.9925 7651485.0131
517286.6220 7651579.6291
517193.3931 7651611.1348
517097.6638 7651640.0476
517007.1310 7651682.4208
517003.5676 7651779.3833
517051.0523 7651867.3475
517104.2878 7651951.9999
517157.5233 7652036.6523
517207.5435 7652122.9107
517243.2487 7652216.3194
517278.9539 7652309.7281
517307.4257 7652404.4545
517306.9521 7652504.4536
517306.4786 7652604.4527
517293.7482 7652701.1036
517276.2209 7652781.4049
517354.7728 7652843.2709
517434.5396 7652903.5809
517514.3064 7652963.8910
517568.3062 7653041.9327
517596.1383 7653137.9818
517580.6385 7653234.5905
517557.8424 7653331.9498
517593.6448 7653421.0942
517631.8808 7653507.9848
517588.0193 7653592.3004
517658.7096 7653645.1679
517757.6389 7653659.7632
517856.5683 7653674.3584
517939.8308 7653720.3288
518010.9387 7653790.6403
518082.0465 7653860.9519
518143.8588 7653938.8977
518199.0069 7654022.3167
518254.1550 7654105.7358
518298.3409 7654194.8873
518335.3880 7654287.7719
518381.9476 7654375.8578
518437.2746 7654459.1227
518494.1715 7654541.3588
518551.0684 7654623.5950
518565.4025 7654717.6073
518558.8671 7654817.3937
518552.3316 7654917.1802
518529.4018 7655014.0243
518513.7876 7655112.5063
518502.4357 7655211.8601
518491.0838 7655311.2139
518452.0830 7655401.9292
518404.8537 7655490.0736
518357.6245 7655578.2181
518291.8559 7655652.5631
518224.1827 7655726.1540
518228.0723 7655821.3066
518246.0300 7655919.3817
518291.0790 7656008.6601
518336.1280 7656097.9385
518366.2024 7656189.0951
518344.5979 7656286.7337
518322.9935 7656384.3723
518351.3271 7656462.7527
518433.1425 7656520.2520
518515.1217 7656577.5185
518597.1010 7656634.7850
518667.3257 7656704.9339
518730.1306 7656782.7365
518792.1169 7656861.2078
518854.1032 7656939.6791
518947.9287 7656964.8096
519047.1334 7656952.2208
519146.3982 7656942.4639
519246.0481 7656950.8270
519345.6980 7656959.1902
519443.0498 7656976.7623
519534.9450 7657016.1997
519626.8403 7657055.6371
519702.6988 7657118.2323
519780.5771 7657180.4161
519867.8376 7657228.7159
519959.1346 7657269.4778
520050.7839 7657309.4834
520127.3113 7657365.2838
520170.2132 7657455.5978
520210.8808 7657546.9552
520251.5484 7657638.3127
520192.5302 7657682.2072
520095.9751 7657708.2294
519999.4200 7657734.2517
519903.4739 7657762.4259
519884.6369 7657855.9978
519955.7190 7657926.2268
520026.9647 7657996.3987
520094.9026 7658068.7179
520129.9976 7658162.3575
520165.0925 7658255.9972
520199.5901 7658349.8548
520233.0365 7658444.0959
520266.4830 7658538.3370
520272.7803 7658634.2597
520268.1517 7658732.6722
520280.8272 7658831.8658
520262.0257 7658927.1524
520257.9033 7659024.5021
520268.0748 7659123.9813
520277.7843 7659223.5090
520287.4939 7659323.0367
520292.8114 7659422.8588
520296.4674 7659522.7921
520317.2538 7659620.0515
520375.0622 7659699.0609
520443.4263 7659772.0427
520511.8808 7659844.9401
520580.3352 7659917.8375
520644.2301 7659994.6969
520706.8584 7660072.6567
520769.4868 7660150.6165
520817.0612 7660238.0841
520860.5450 7660328.1352
520904.0287 7660418.1863
520918.1784 7660516.4097
520952.1840 7660609.8888
520990.2144 7660702.3752
521046.4395 7660784.6919
521105.2927 7660865.5396
521164.1458 7660946.3873
521188.3089 7661042.4355
521204.8903 7661141.0453
521221.0790 7661239.7265
521237.2676 7661338.4076
521210.2612 7661433.9834
521180.1233 7661529.3341
521143.1205 7661616.8460
521044.6279 7661634.1451
520946.1353 7661651.4442
520847.4359 7661665.6918
520752.2420 7661673.1076
520695.5989 7661751.2293
520707.6920 7661847.0776
520772.8648 7661922.5063
520849.1234 7661987.1953
520925.3819 7662051.8844
521007.1672 7662096.5400
521066.6199 7662047.3143
521059.1300 7661947.7575
521046.4948 7661848.5587
521027.1594 7661752.4648
520934.1881 7661738.2395
520834.2113 7661740.4008
520769.4289 7661738.6478
520867.4377 7661718.7902
520965.3180 7661698.3378
521062.7845 7661675.9699
521160.2510 7661653.6020
521240.8333 7661661.0767
521271.8589 7661756.1422
521302.8845 7661851.2078
521325.6504 7661948.2808
521353.3027 7662043.7791
521405.4891 7662127.6090
521469.7105 7662204.2618
521533.9319 7662280.9146
521601.5895 7662354.4747
521680.9760 7662414.2035
521765.5977 7662467.4878
521850.2193 7662520.7722
521913.3394 7662595.6454
521966.9664 7662680.0503
522014.1786 7662768.0688
522058.5748 7662857.6736
522102.9711 7662947.2784
522147.8602 7663036.6368
522207.6705 7663116.2744
522273.7428 7663191.3199
522326.8737 7663275.6189
522376.5728 7663362.3947
522407.9289 7663451.6553
522383.1064 7663548.5257
522358.2839 7663645.3962
522317.8599 7663732.4049
522241.0070 7663796.3868
522167.0664 7663863.4443
522101.2397 7663938.6120
522039.7140 7664017.4449
521982.4767 7664099.2744
521936.8512 7664187.8892
521898.3991 7664280.2011
521944.7470 7664345.1741
522035.3736 7664386.7926
522128.5241 7664423.1576
522218.2290 7664467.0835
522306.8240 7664513.4621
522380.2774 7664575.2559
522428.2347 7664663.0063
522475.1132 7664751.3289
522520.8596 7664840.2520
522566.6061 7664929.1750
522561.6716 7665015.5104
522508.1946 7665099.8636
522472.8256 7665193.4001
522437.4565 7665286.9366
522389.8465 7665374.8237
522342.2431 7665462.7665
522307.4386 7665551.3448
522359.5586 7665636.6885
522411.6786 7665722.0322
522464.3415 7665807.0286
522519.5140 7665890.4218
522572.2949 7665975.3583
522625.0758 7666060.2949
522620.8576 7666117.2023
522533.8938 7666155.1769
522521.9443 7666232.5927
522614.8167 7666255.5738
522713.8812 7666245.3261
522813.7797 7666246.7994
522913.7442 7666249.4729
523013.6445 7666253.3155
523113.3010 7666261.5993
523212.9576 7666269.8831
523190.6465 7666323.7794
523126.0538 7666400.0395
523124.6291 7666495.0564
523137.7117 7666594.1971
523167.8323 7666679.1723
523257.9841 7666667.8029
523343.3996 7666615.8006
523428.8151 7666563.7984
523521.0743 7666553.7755
523618.5834 7666575.9568
523716.0925 7666598.1381
523767.9157 7666679.8642
523844.5888 7666742.7978
523914.3883 7666814.3527
523983.8370 7666886.3035
524054.3541 7666957.1987
524123.5989 7667029.3194
524191.7977 7667102.4561
524259.9964 7667175.5928
524321.2361 7667254.3911
524378.9681 7667336.0432
524436.7000 7667417.6953
524389.8234 7667493.4845
524323.3291 7667568.1742
524263.4830 7667607.1104
524208.5011 7667529.5540
524119.2268 7667486.9286
524021.3737 7667469.6360
523922.4597 7667476.4594
523853.5058 7667531.4229
523831.5597 7667628.4623
523816.6871 7667727.3504
523891.8781 7667786.3479
523969.3596 7667849.4704
524046.0778 7667913.6136
524122.7961 7667977.7568
524194.9338 7668044.1139
524197.5342 7668144.0803
524200.1346 7668244.0467
524225.3921 7668338.7237
524303.6868 7668395.3624
524391.6567 7668442.9158
524483.7704 7668471.3558
524583.5355 7668464.5025
524668.7963 7668493.4721
524735.6904 7668567.8039
524827.0359 7668567.2791
524924.9099 7668546.7675
524995.3291 7668612.9049
525063.5317 7668686.0380
525113.0106 7668772.6435
525164.4171 7668857.6615
525237.4964 7668925.9217
525310.5757 7668994.1820
525398.0494 7669040.7553
525496.9711 7669044.6315
525596.9127 7669041.2883
525696.8476 7669037.6749
525796.0585 7669025.5151
525895.1771 7669012.2656
525994.2957 7668999.0160
526091.1356 7668974.3152
526187.7756 7668948.6101
526283.1802 7668932.5602
526370.2348 7668981.7694
526457.2894 7669030.9785
526538.4242 7669087.2687
526602.2827 7669164.2242
526666.1412 7669241.1796
526678.0908 7669328.4155
526648.3842 7669423.9014
526618.6776 7669519.3874
526579.7965 7669611.3667
526536.7067 7669701.5253
526486.0595 7669787.7512
526457.8698 7669880.8467
526548.4912 7669909.7379
526645.5185 7669933.9402
526709.7400 7669963.8547
526628.5400 7670022.0898
526642.3169 7670099.5394
526696.2874 7670183.7250
526750.2580 7670267.9107
526790.5907 7670359.2672
526797.7406 7670279.2044
526812.1657 7670180.2501
526826.5907 7670081.2957
526834.7556 7669981.6581
526842.0160 7669881.9218
526913.0786 7669881.7129
527006.7384 7669916.7542
527097.5401 7669953.2784
527072.2646 7670050.0316
527054.7687 7670147.5674
527089.4845 7670231.3644
527170.8140 7670289.5499
527215.3130 7670217.8027
527207.6614 7670120.9994
527185.2004 7670023.5543
527187.9430 7669941.9567
527285.4971 7669919.9742
527383.0513 7669897.9917
527481.6242 7669883.4767
527581.5018 7669878.5262
527681.3794 7669873.5758
527781.1015 7669875.4428
527880.6496 7669884.9412
527980.1977 7669894.4395
527916.2887 7669945.1829
528016.1206 7669948.1620
528115.8631 7669940.9874
528215.6056 7669933.8129
528314.0751 7669935.8341
528409.3330 7669958.2596
528508.4582 7669945.0980
528607.8063 7669933.6957
528707.1543 7669922.2934
528733.3506 7669944.0789
528659.3391 7670011.3272
528585.3276 7670078.5755
528493.1801 7670105.2543
528453.8260 7670178.6779
528455.9107 7670278.4165
528460.7696 7670378.2986
528464.1016 7670478.1111
528450.1707 7670577.1362
528436.2399 7670676.1614
528422.3091 7670775.1865
528394.8995 7670863.8396
528302.7472 7670902.6725
528210.5949 7670941.5054
528123.8966 7670987.6817
528064.5760 7671067.3632
528045.4026 7671134.5498
528127.4364 7671079.4736
528220.5396 7671042.9792
528313.6428 7671006.4849
528406.7460 7670969.9905
528494.9905 7670997.6681
528591.3813 7671014.9071
528691.2166 7671020.6491
528791.0518 7671026.3910
528887.8826 7671018.3555
528968.4442 7670961.7251
529034.0218 7670886.2292
529094.6236 7670807.1098
529155.7206 7670729.6236
529232.8906 7670666.0247
529316.6640 7670613.0250
529384.6491 7670548.2034
529437.7876 7670464.1791
529499.2694 7670385.3119
529576.7291 7670397.8187
529661.3261 7670451.1422
529745.9231 7670504.4657
529824.4455 7670566.1384
529901.2164 7670630.2187
529918.2653 7670722.2173
529918.1974 7670822.2175
529918.1295 7670922.2177
529938.6303 7671003.1169
530038.3342 7671007.6132
530137.9020 7670998.3233
530237.4698 7670989.0333
530337.0375 7670979.7434
530403.6957 7671031.0968
530450.1714 7671119.6408
530496.6471 7671208.1849
530580.4944 7671246.7468
530678.5679 7671266.2819
530776.6415 7671285.8170
530860.1913 7671338.3476
530940.8353 7671397.4796
531021.4792 7671456.6116
531097.4545 7671521.5514
531172.5371 7671587.6018
531247.6196 7671653.6522
531329.8429 7671710.3655
531413.2539 7671765.5258
531496.6648 7671820.6861
531564.4957 7671893.5754
531629.9168 7671969.2069
531695.3379 7672044.8384
531746.5102 7672130.4994
531795.6354 7672217.6015
531845.8806 7672304.0609
531902.7553 7672386.2633
531969.6428 7672460.4752
532037.7632 7672533.6849
532105.8837 7672606.8945
532169.3132 7672684.1739
532232.1798 7672761.9417
532295.0464 7672839.7096
532327.9794 7672933.5374
532358.0123 7673028.9212
532388.0452 7673124.3050
532398.8036 7673223.5611
532407.9395 7673323.1431
532417.0753 7673422.7251
532417.5492 7673522.6971
532417.3980 7673622.6972
532417.2469 7673722.6973
532383.6911 7673816.6012
532348.5096 7673910.2084
532313.3281 7674003.8156
532248.9104 7674080.0159
532242.0041 7674177.7747
532289.0276 7674266.0291
532333.7737 7674355.2441
532364.1657 7674450.5141
532394.5578 7674545.7841
532383.6258 7674629.9491
532315.2974 7674702.4951
532279.5959 7674793.3026
532270.5938 7674892.5745
532354.4219 7674945.6284
532435.4479 7675004.2357
532516.4740 7675062.8431
532585.3292 7675132.9719
532639.4103 7675217.0866
532691.0335 7675302.7117
532741.6438 7675388.9593
532792.2541 7675475.2068
532749.1740 7675562.0763
532699.7131 7675648.9880
532650.2521 7675735.8998
532551.1355 7675735.3769
532451.1561 7675733.3349
532354.0765 7675720.0192
532263.7991 7675677.6923
532167.2453 7675656.3177
532067.4057 7675661.1473
531968.7603 7675675.5612
531872.3763 7675702.2103
531775.9924 7675728.8595
531684.9801 7675766.8357
531669.6743 7675833.2856
531760.2476 7675842.7670
531859.4702 7675830.3205
531958.6928 7675817.8741
532057.8317 7675814.9774
532157.0728 7675826.8966
532256.7591 7675834.8134
532356.4455 7675842.7301
532444.8050 7675874.8778
532514.8126 7675946.2850
532507.6306 7676017.5874
532437.4295 7676088.8043
532367.2284 7676160.0212
532454.9215 7676188.6219
532549.7605 7676220.3323
532644.5966 7676252.0525
532738.3154 7676286.2460
532826.1747 7676333.1537
532923.0046 7676357.9272
533020.4912 7676378.2744
533111.1967 7676420.3762
533201.9022 7676462.4781
533284.0373 7676518.0554
533306.9268 7676608.4019
533327.6729 7676690.4359
533427.4248 7676688.4171
533526.3756 7676673.9672
533625.3263 7676659.5173
533705.6579 7676687.8952
533762.5836 7676770.1114
533819.5093 7676852.3277
533820.4398 7676948.2325
533855.0483 7677040.3222
533910.1514 7677123.6008
533966.8095 7677206.0017
534023.4675 7677288.4027
534040.5128 7677386.2193
534054.4581 7677485.2424
534068.4034 7677584.2655
534036.2673 7677678.7683
534003.3457 7677773.1940
533969.5315 7677866.9642
533889.2921 7677926.6441
533815.7858 7677988.3797
533849.0055 7678082.7009
533879.1293 7678177.5886
533881.4606 7678277.5617
533883.7918 7678377.5347
533866.7844 7678474.1625
533831.0069 7678567.5436
533795.2293 7678660.9246
533729.5555 7678726.7892
533711.2317 7678802.6769
533741.0052 7678898.1276
533771.6355 7678993.3213
533802.2657 7679088.5149
533736.3147 7679162.6390
533668.8206 7679236.4265
533585.7981 7679265.5554
533509.9714 7679313.5110
533434.9697 7679379.4103
533356.1380 7679440.7763
533332.7074 7679527.5805
533389.5512 7679599.1868
533472.1870 7679655.4633
533555.5027 7679710.7674
533638.8184 7679766.0715
533720.9321 7679823.1346
533802.7316 7679880.6575
533894.4262 7679919.0173
533989.7660 7679949.1395
534085.3814 7679978.4268
534174.4072 7680015.4453
534218.4735 7680105.2128
534262.5398 7680194.9804
534302.1098 7680286.0657
534313.4747 7680385.4181
534324.8395 7680484.7704
534331.7602 7680584.0056
534315.1799 7680682.6217
534298.5996 7680781.2379
534271.8366 7680874.1093
534196.0048 7680939.2981
534120.1730 7681004.4869
534039.5581 7681062.3572
533949.4124 7681105.6447
533859.2668 7681148.9322
533766.0048 7681138.4812
533671.4596 7681105.9042
533576.9145 7681073.3271
533485.8542 7681032.3621
533389.2082 7681010.9745
533337.3170 7681078.7393
533313.4659 7681174.2894
533337.9752 7681267.3854
533397.8247 7681346.6397
533476.4973 7681406.4573
533564.2512 7681454.4063
533652.1962 7681502.0060
533740.1411 7681549.6057
533817.9698 7681610.4947
533887.2659 7681682.5925
533956.5620 7681754.6903
533984.9196 7681844.9168
533997.2841 7681944.0684
534029.5359 7682037.9928
534069.2770 7682129.7571
534109.0180 7682221.5215
534046.8877 7682291.5501
533973.1541 7682359.1031
533909.2642 7682435.9677
533849.5530 7682516.1786
533797.4359 7682601.5218
533745.3551 7682686.8895
533661.7818 7682723.1343
533562.4674 7682734.8257
533556.1483 7682833.2911
533551.3506 7682933.1762
533594.3668 7683012.8562
533693.1084 7683010.6302
533792.4036 7682998.7763
533891.6988 7682986.9224
533978.3789 7682948.2358
534050.8538 7682879.3342
534123.3287 7682810.4326
534198.2742 7682744.3267
534275.5653 7682680.8748
534352.8563 7682617.4229
534438.5107 7682636.1423
534527.0005 7682682.7212
534615.4904 7682729.3000
534682.6755 7682801.3790
534744.2494 7682880.1744
534805.8232 7682958.9698
534841.8117 7683051.1512
534871.4345 7683146.6632
534901.0573 7683242.1751
534930.6017 7683337.7114
534960.1316 7683433.2521
534992.1942 7683527.9664
535026.4258 7683621.9220
535072.2981 7683710.6302
535140.8972 7683782.6110
535212.9341 7683851.9705
535284.9709 7683921.3300
535330.9946 7684009.4488
535411.7295 7684066.0293
535503.7551 7684104.9002
535596.3696 7684142.6176
535696.0877 7684141.2973
535796.0521 7684138.6229
535889.8220 7684148.5016
535949.3517 7684228.8167
536024.9744 7684287.4849
536121.4489 7684313.8042
536217.9235 7684340.1235
536295.7540 7684394.5479
536357.5151 7684473.1966
536421.5065 7684549.9947
536502.3249 7684604.6739
536594.2274 7684644.0943
536686.1300 7684683.5147
536767.0731 7684739.9001
536840.7909 7684807.4703
536920.8577 7684866.8033
537006.0710 7684919.1100
537091.9758 7684970.2999
537177.8806 7685021.4898
537218.9748 7685102.8607
537234.1228 7685201.7070
537253.2909 7685299.8294
537314.3781 7685376.7677
537396.9150 7685432.4906
537366.3260 7685362.0620
537327.4615 7685269.9230
537288.5970 7685177.7840
537353.7412 7685203.7109
537440.2443 7685253.8833
537529.9698 7685275.1550
537619.3521 7685230.3123
537708.7343 7685185.4696
537758.0808 7685261.7916
537808.3952 7685347.1832
537880.5044 7685416.4675
537952.7209 7685485.5983
538042.5281 7685529.5838
538132.3352 7685573.5693
538203.6655 7685637.7631
538255.4984 7685723.2815
538307.3314 7685808.7998
538357.1083 7685895.4973
538404.7406 7685983.4245
538452.3729 7686071.3518
538484.6242 7686164.6133
538501.6585 7686263.1520
538524.4921 7686360.3323
538564.4170 7686451.1875
538623.2153 7686531.5225
538698.0176 7686596.6678
538777.5707 7686657.0007
538853.8202 7686721.7004
538930.0697 7686786.4002
538989.8804 7686864.3449
539036.8786 7686952.6127
539083.8768 7687040.8806
539119.2973 7687133.8905
539147.7221 7687229.7658
539176.1469 7687325.6412
539175.0911 7687422.9920
539156.3816 7687521.2264
539138.0485 7687619.5169
539127.3114 7687718.9390
539116.5743 7687818.3611
539131.5496 7687906.7834
539210.8709 7687967.6781
539296.8671 7688014.6477
539394.3093 7688037.0702
539492.1437 7688057.7697
539586.1193 7688042.7007
539622.7794 7687963.7939
539629.3475 7687864.0096
539635.9156 7687764.2253
539719.5155 7687734.1595
539818.1523 7687717.7030
539916.2064 7687699.0349
540010.1438 7687664.7447
540104.0811 7687630.4546
540197.5025 7687613.5723
540289.2438 7687653.3665
540380.9851 7687693.1607
540472.5216 7687733.4162
540565.0407 7687770.8213
540660.9727 7687799.0541
540756.9047 7687827.2869
540838.8492 7687876.2206
540900.8348 7687954.6925
540962.8203 7688033.1644
541042.0828 7688085.8479
541138.2353 7688113.3205
541234.3878 7688140.7930
541300.9348 7688207.6852
541358.3384 7688289.4990
541417.5860 7688370.0581
541476.8336 7688450.6172
541567.9383 7688476.2320
541667.2870 7688487.6284
541766.6358 7688499.0248
541841.8208 7688561.6549
541913.8076 7688631.0664
541984.2182 7688701.5914
542025.5893 7688792.6324
542066.9605 7688883.6734
542109.8108 7688973.9926
542167.8991 7689054.4693
542234.5621 7689129.0085
542301.2250 7689203.5477
542336.7574 7689294.8728
542362.4041 7689391.5284
542424.2894 7689466.6222
542514.9221 7689505.9622
542609.1701 7689539.3893
542707.6193 7689533.5713
542806.1518 7689517.0587
542894.8978 7689470.9699
542983.6439 7689424.8812
543061.6063 7689425.9447
543121.4971 7689506.0268
543181.3879 7689586.1088
543241.5346 7689665.9984
543325.9253 7689689.8142
543425.3137 7689678.7690
543517.9411 7689691.2415
543595.0466 7689754.8579
543669.5709 7689821.5376
543744.0952 7689888.2173
543790.7540 7689968.2513
543796.0429 7690068.1116
543801.3318 7690167.9718
543829.6731 7690260.7840
543881.1311 7690346.5285
543932.5891 7690432.2730
543947.2979 7690524.9348
543930.5362 7690623.5202
543913.7746 7690722.1057
543915.5074 7690821.6186
543942.8534 7690917.2943
543974.8086 7691012.0514
544006.7638 7691106.8085
544045.1556 7691199.0899
544102.5540 7691280.4654
544163.4718 7691359.7691
544224.3896 7691439.0727
544298.8427 7691502.0960
544393.2165 7691528.7913
544492.9641 7691529.3181
544592.7117 7691522.2489
544690.9352 7691505.4270
544787.9570 7691481.2027
544884.9787 7691456.9784
544982.0417 7691432.9962
545081.5842 7691423.6171
545176.9248 7691393.4473