460595.5152 7580848.8125
460621.5269 7580752.7468
460606.7421 7580654.2165
460583.3721 7580557.3455
460560.0021 7580460.4746
460551.3736 7580363.0828
460567.8483 7580264.8040
460539.6821 7580180.6727
460462.4290 7580118.4460
460380.0480 7580062.3791
460288.4672 7580027.5526
460209.4962 7580066.9035
460187.5211 7580157.0757
460189.6304 7580256.7035
460243.9499 7580331.0237
460320.8513 7580394.3980
460397.7528 7580457.7723
460418.5194 7580551.0036
460428.0826 7580650.1937
460453.0364 7580746.5120
460500.2508 7580833.9906
460595.5152 7580848.8125