449696.3415 7576703.4801
449626.2095 7576633.4850
449536.9629 7576590.2353
449439.9188 7576570.8023
449344.1480 7576594.8583
449248.4624 7576620.9303
449152.0860 7576643.8267
449061.6222 7576675.8517
448986.0817 7576740.1100
448910.5412 7576804.3682
448831.0981 7576862.6138
448741.6501 7576905.4453
448652.2021 7576948.2769
448562.7541 7576991.1084
448477.4416 7576977.3567
448388.7777 7576971.2138
448368.3650 7577044.0265
448391.1016 7577140.5591
448413.8381 7577237.0916
448498.9431 7577282.5073
448565.0683 7577355.8025
448646.6180 7577391.4705
448729.4535 7577350.2578
448799.0392 7577279.5944
448868.6249 7577208.9310
448938.2106 7577138.2676
449018.6193 7577081.6192
449104.5812 7577032.1619
449190.5432 7576982.7046
449276.6674 7576933.5739
449368.0266 7576894.9867
449463.3679 7576913.8403
449559.1777 7576939.4522
449634.4551 7576996.8860
449708.9011 7577061.2511
449743.1435 7576996.7910
449731.4124 7576898.4069
449719.1373 7576799.9955
449696.3415 7576703.4801