448936.7689 7579918.0043
448982.5663 7580007.5728
449068.3405 7580059.4243
449168.3122 7580067.4004
449268.6893 7580074.0587
449369.0665 7580080.7170
449469.5264 7580084.1376
449570.1125 7580082.6100
449670.6987 7580081.0825
449771.2849 7580079.5549
449871.8441 7580080.9009
449972.3839 7580084.3142
450047.0515 7580127.7987
450115.9896 7580190.3092
450204.3316 7580237.2312
450289.1937 7580291.2258
450371.1800 7580331.6219
450453.0318 7580273.1395
450532.2566 7580211.6723
450535.6298 7580138.8401
450469.4937 7580063.2399
450407.3141 7579984.1601
450345.1345 7579905.0804
450415.5479 7579854.7829
450488.7123 7579786.2557
450538.5393 7579832.2743
450587.8377 7579919.7916
450647.8342 7580000.3554
450700.6506 7579978.7376
450701.0025 7579878.1404
450735.5324 7579839.8288
450827.7028 7579875.5339
450926.5022 7579894.4704
451024.2573 7579915.9727
451108.2014 7579971.4101
451193.7017 7580017.0087
451239.5290 7579964.1261
451196.4303 7579873.8381
451142.0593 7579789.1994
451082.1251 7579708.7874
451013.0855 7579635.6871
450940.3126 7579566.2590
450859.7505 7579507.0584
450768.4148 7579466.0049
450673.1535 7579433.6753
450584.8706 7579387.6772
450502.8157 7579329.4800
450415.5939 7579281.2831
450318.1097 7579263.6377
450217.5219 7579265.0521
450116.9340 7579266.4666
450031.1679 7579224.2632
449937.1696 7579205.5732
449836.5727 7579205.9906
449741.6076 7579234.6910
449648.5237 7579272.8394
449621.4509 7579356.6598
449691.7226 7579428.6446
449761.9942 7579500.6293
449771.2291 7579580.5540
449721.7126 7579668.1213
449672.1961 7579755.6885
449622.6796 7579843.2558
449545.8917 7579864.3944
449447.5025 7579862.1218
449347.2893 7579868.2463
449246.7044 7579869.8573
449146.1195 7579871.4683
449045.5347 7579873.0793
448957.8470 7579825.2430
448936.7689 7579918.0043