488464.9209 7561709.5916
488404.3883 7561629.7473
488340.7493 7561554.0540
488324.5810 7561455.1476
488308.4128 7561356.2412
488292.2446 7561257.3348
488289.4953 7561157.5458
488230.0987 7561083.3874
488153.5160 7561018.7891
488076.1429 7560955.0921
487998.7699 7560891.3952
487922.8987 7560825.9283
487847.4597 7560759.9522
487772.0207 7560693.9761
487698.4810 7560625.8895
487601.9674 7560599.4532
487505.1478 7560573.5716
487408.3282 7560547.6899
487338.3384 7560486.7021
487287.9428 7560400.0754
487237.5473 7560313.4488
487187.1517 7560226.8221
487133.4866 7560142.2015
487067.7818 7560066.8351
486993.7983 7559999.3436
486913.3833 7559939.6651
486824.8398 7559893.1802
486733.8310 7559919.0129
486642.6306 7559960.5626
486551.4301 7560002.1123
486463.6517 7560045.8016
486466.2321 7560145.9876
486468.8124 7560246.1736
486450.5856 7560286.3287
486390.6107 7560206.0361
486330.6358 7560125.7436
486273.7385 7560043.3863
486204.8643 7559980.0224
486109.2521 7559995.7263
486013.9023 7560026.5859
485918.5526 7560057.4456
485829.9671 7560021.8959
485742.6849 7559972.6504
485654.2230 7559925.5505
485565.7612 7559878.4507
485473.7497 7559860.3403
485399.0378 7559914.3642
485378.8625 7560008.0750
485383.7262 7560108.1441
485386.1001 7560208.3352
485388.4741 7560308.5263
485390.8480 7560408.7174
485409.8118 7560506.8015
485431.0904 7560604.7341
485452.1658 7560702.7123
485473.2412 7560800.6904
485490.7494 7560898.4833
485459.6356 7560993.7504
485393.1499 7561021.7635
485392.2848 7561092.1492
485417.1754 7561189.2283
485374.2142 7561277.7063
485399.9029 7561374.0685
485471.7232 7561443.7739
485557.1431 7561496.1237
485646.9784 7561540.4573
485731.8958 7561593.6826
485714.6191 7561655.4825
485764.6948 7561739.4433
485835.2547 7561810.5651
485923.0608 7561858.3074
486022.3939 7561871.4400
486122.4245 7561874.9427
486221.4707 7561859.6541
486320.5169 7561844.3655
486412.5623 7561858.1865
486493.8261 7561916.8387
486575.0899 7561975.4910
486656.3537 7562034.1433
486749.1321 7562062.6111
486841.2431 7562033.9722
486929.8105 7561987.0713
487018.3780 7561940.1703
487106.9455 7561893.2694
487203.1093 7561888.5537
487302.4740 7561901.6132
487255.4450 7561929.9795
487252.5663 7561998.4107
487348.2173 7562028.0523
487446.4433 7562045.4569
487546.6413 7562047.5202
487628.2568 7562006.8837
487662.2711 7561915.0360
487685.4740 7561817.5398
487774.7173 7561778.7339
487868.8136 7561744.2408
487963.0050 7561714.3443
488058.4462 7561744.9199
488140.2193 7561799.7545
488229.5582 7561842.0055
488327.9162 7561839.8564
488416.0107 7561794.8849
488464.9209 7561709.5916