488906.1780 7562906.4388
488812.4906 7562871.3373
488711.8340 7562867.6265
488611.2855 7562866.4037
488518.3824 7562892.1581
488460.7417 7562973.0153
488426.8450 7563067.8649
488392.4872 7563162.5489
488358.1294 7563257.2330
488323.7717 7563351.9170
488292.6335 7563447.6615
488263.9986 7563544.2305
488235.3636 7563640.7995
488204.6888 7563735.3665
488112.0478 7563770.1227
488076.8295 7563853.8499
488148.6272 7563924.4941
488212.6046 7564001.4636
488296.3946 7564035.5086
488396.9825 7564040.7613
488495.4691 7564025.1177
488548.0605 7563942.9741
488595.2566 7563853.9906
488621.1054 7563757.4596
488608.9157 7563657.4749
488596.7259 7563557.4902
488584.5362 7563457.5055
488589.7301 7563367.1758
488681.0530 7563324.6827
488753.0486 7563259.1729
488780.5432 7563165.5018
488790.0567 7563065.2271
488839.9290 7562982.3110
488906.1780 7562906.4388