488622.7025 7567297.4288
488590.7560 7567203.4070
488496.2613 7567177.2929
488398.4498 7567160.1587
488300.6382 7567143.0245
488202.8267 7567125.8903
488105.2455 7567107.9540
488012.4969 7567074.0699
487913.2607 7567070.4832
487814.0246 7567066.8966
487714.7884 7567063.3099
487678.7158 7567127.8650
487712.0910 7567219.3498
487785.0328 7567283.5001
487872.7817 7567329.4590
487962.4245 7567372.1774
488056.7333 7567402.2532
488153.9087 7567395.9545
488251.5519 7567377.8857
488349.1951 7567359.8170
488446.8383 7567341.7482
488542.9255 7567356.5585
488622.7025 7567297.4288