492910.3808 7566981.9059
492920.0761 7566882.2944
492929.7714 7566782.6829
492939.4667 7566683.0714
492983.8600 7566601.4678
493044.0238 7566523.7481
493041.4573 7566432.9843
493002.6435 7566340.7350
492935.0442 7566272.6875
492850.8305 7566218.6089
492810.4479 7566149.9815
492819.4062 7566056.4052
492751.5881 7566000.3951
492653.6447 7565979.8150
492555.7013 7565959.2349
492503.2515 7565890.6480
492482.0834 7565793.2379
492477.6648 7565693.2532
492444.7713 7565609.1806
492354.8956 7565570.9383
492255.9766 7565555.7236
492157.0577 7565540.5088
492058.1980 7565546.9400
491993.3262 7565612.6981
492043.1829 7565690.5632
492102.3523 7565770.3068
492139.0160 7565863.4316
492125.3802 7565875.0494
492050.0986 7565810.3538
492009.6216 7565841.9755
492045.3203 7565932.5945
492098.9782 7566016.9952
492165.2679 7566091.6071
492237.2660 7566161.0967
492310.0014 7566229.8427
492382.7367 7566298.5887
492318.8592 7566347.2257
492229.8421 7566392.7680
492157.7969 7566460.8829
492111.2181 7566549.4654
492064.6393 7566638.0480
491998.1299 7566710.8744
491965.2494 7566802.4303
491949.0530 7566831.1325
491916.4677 7566745.3776
491836.1257 7566686.1256
491751.4819 7566632.7227
491666.8380 7566579.3199
491633.1558 7566487.3807
491600.4459 7566392.8064
491549.7203 7566306.7443
491497.2924 7566221.4931
491444.8644 7566136.2420
491413.2117 7566041.4357
491380.1306 7565946.9807
491344.7000 7565853.3813
491307.3171 7565760.5440
491268.0455 7565668.4896
491236.2179 7565573.6195
491204.7509 7565478.6128
491173.4854 7565383.5704
491170.4166 7565283.5353
491167.3478 7565183.5001
491162.4370 7565084.1609
491097.8147 7565007.7785
491028.8031 7564935.2952
491054.7888 7564847.3399
491063.5696 7564748.3741
491033.3033 7564653.7161
490999.1183 7564559.6532
490964.5657 7564465.7247
490894.2859 7564395.2463
490818.1808 7564330.2625
490722.9062 7564301.0008
490626.6605 7564273.5562
490530.4148 7564246.1116
490431.7134 7564229.6438
490331.8065 7564223.9545
490231.8721 7564218.5185
490131.9376 7564213.0825
490087.0330 7564124.6262
490043.1018 7564034.7012
489999.1707 7563944.7763
489980.7386 7563856.9805
490026.0980 7563770.6155
490025.2299 7563672.4658
489993.9177 7563577.4079
489962.6056 7563482.3500
489906.5535 7563403.4602
489816.9135 7563361.9628
489722.7712 7563327.9970
489628.6289 7563294.0312
489533.2413 7563269.8770
489435.1319 7563285.7081
489347.1847 7563330.3243
489275.0952 7563399.7445
489198.8810 7563458.3656
489099.8790 7563453.8334
489006.9350 7563488.1414
488947.1325 7563557.2780
489007.3920 7563615.5927
489105.5270 7563635.0210
489204.8151 7563646.7228
489304.4701 7563655.8624
489404.0195 7563666.1757
489488.9847 7563709.2981
489563.3402 7563776.2884
489637.6958 7563843.2787
489712.0513 7563910.2691
489660.9663 7563971.5737
489580.8554 7564031.5627
489500.7444 7564091.5517
489420.5108 7564151.3762
489340.1357 7564211.0107
489259.7605 7564270.6453
489167.9962 7564297.7953
489072.9808 7564323.1242
488992.1299 7564379.9821
488918.1822 7564447.4222
488852.3858 7564522.3223
488808.7384 7564611.1464
488775.1760 7564705.4333
488741.6136 7564799.7201
488663.8671 7564821.3270
488564.7140 7564807.7216
488489.0681 7564760.0252
488441.1029 7564672.1857
488393.1377 7564584.3462
488345.1724 7564496.5067
488256.1422 7564454.7487
488157.5477 7564438.8160
488154.2184 7564535.5734
488153.7591 7564635.6545
488153.2997 7564735.7356
488135.5853 7564827.7507
488083.7565 7564902.7566
488107.6379 7564996.6815
488170.1341 7565074.0789
488241.0567 7565144.4955
488306.9097 7565219.8601
488372.7628 7565295.2247
488408.6965 7565383.3163
488431.8572 7565479.6329
488486.8598 7565560.9702
488559.3620 7565629.8471
488634.2642 7565696.2256
488709.1663 7565762.6042
488771.7696 7565839.4452
488825.2815 7565924.0202
488878.7934 7566008.5952
488914.8607 7566100.7313
488939.9959 7566197.6058
488965.1311 7566294.4802
488964.7632 7566392.5191
488948.5596 7566491.2808
488932.3561 7566590.0426
488922.7381 7566689.6138
488946.6432 7566786.2931
488973.5767 7566882.6831
488999.2584 7566979.3962
489022.3301 7567076.7827
489045.4018 7567174.1693
489073.6717 7567269.9090
489125.8451 7567351.9112
489202.9050 7567415.7721
489279.9648 7567479.6331
489366.2915 7567526.7534
489461.3257 7567558.1371
489556.5526 7567588.9257
489653.4843 7567613.0926
489752.7499 7567622.4504
489852.7983 7567621.2263
489952.2678 7567611.7728
490049.3654 7567588.8022
490144.1985 7567556.8680
490238.4926 7567523.3258
490332.7866 7567489.7837
490430.1125 7567470.4593
490529.6894 7567460.5832
490629.1071 7567449.0695
490728.5248 7567437.5558
490826.2056 7567417.1754
490909.1586 7567366.0997
490982.8855 7567298.4182
491056.6125 7567230.7367
491131.8816 7567284.7755
491207.2996 7567350.5674
491284.8379 7567411.6652
491384.0601 7567424.7570
491483.4160 7567435.7306
491582.9060 7567431.0067
491675.2919 7567397.0546
491750.8452 7567333.2179
491844.3954 7567297.6536
491939.1010 7567265.4685
492026.6037 7567218.1024
492087.6039 7567140.2538
492143.9425 7567057.5349
492237.0464 7567062.0875
492336.7334 7567070.2060
492436.5880 7567076.9516
492536.5245 7567082.3381
492636.4704 7567077.4894
492736.2794 7567070.1103
492833.1669 7567045.2158
492910.3808 7566981.9059