496890.5617 7577511.1756
496979.7264 7577466.4650
497045.6938 7577391.3150
497111.6611 7577316.1649
497183.0382 7577268.8522
497275.5892 7577302.7003
497357.1506 7577270.1710
497419.4432 7577191.9478
497481.7357 7577113.7247
497545.4338 7577036.6559
497583.2898 7576947.2121
497540.2287 7576871.4557
497475.6065 7576943.5391
497411.3897 7577020.1905
497347.8147 7577022.8964
497284.9378 7576945.1421
497263.5037 7576903.6572
497337.9945 7576896.0158
497395.2007 7576814.1938
497447.3457 7576728.8702
497507.0831 7576650.8995
497582.9541 7576670.6978
497675.8944 7576671.9608
497739.1039 7576600.9041
497777.0380 7576508.6146
497813.0143 7576415.3144
497850.7037 7576323.6122
497940.5993 7576280.2785
498011.5172 7576209.8411
498089.9114 7576147.7639
498168.3055 7576085.6867
498246.3435 7576023.1699
498318.3391 7575954.7342
498368.4229 7575869.3338
498391.4393 7575772.5601
498395.1219 7575672.7524
498390.8682 7575572.8468
498386.6144 7575472.9412
498401.1914 7575377.7106
498447.4863 7575289.3106
498475.3139 7575194.2460
498486.4555 7575094.8726
498485.6446 7574995.9292
498464.5668 7574898.2380
498439.6475 7574801.3967
498408.9583 7574706.4841
498360.2109 7574620.2645
498297.0574 7574542.7462
498232.7671 7574466.1565
498168.4768 7574389.5668
498095.8992 7574321.9756
498012.4984 7574266.8902
497925.9365 7574216.9134
497838.0251 7574169.2603
497750.1137 7574121.6073
497661.3731 7574075.5333
497567.5488 7574082.3563
497486.8117 7574139.3522
497409.4761 7574202.7433
497340.9089 7574233.0819
497305.1653 7574139.6923
497269.4217 7574046.3027
497268.1074 7573958.9414
497333.4556 7573883.2524
497361.4572 7573795.9535
497302.3552 7573749.7300
497222.0677 7573803.9188
497181.9415 7573893.5937
497148.1910 7573987.7220
497115.6075 7574047.3910
497088.3021 7573951.1951
497034.1673 7573871.7258
496954.3176 7573811.7257
496872.8156 7573753.7891
496776.3590 7573733.6133
496687.7844 7573780.0219
496599.2097 7573826.4305
496507.4155 7573859.5555
496407.4688 7573857.4005
496307.6393 7573851.6321
496207.8097 7573845.8638
496113.5201 7573820.9831
496020.3231 7573793.8226
495920.8122 7573799.6359
495821.7766 7573813.4624
495722.7410 7573827.2888
495624.7510 7573846.5591
495527.6408 7573870.4090
495430.5305 7573894.2589
495331.6547 7573898.1998
495231.8629 7573891.8111
495132.0711 7573885.4223
495173.6678 7573841.4174
495257.0918 7573786.2844
495340.6650 7573731.6077
495440.5472 7573726.8372
495540.4295 7573722.0667
495640.1816 7573719.3560
495738.8106 7573735.1581
495838.4885 7573733.9584
495932.2839 7573703.9356
496002.3249 7573633.1772
496087.7021 7573581.1201
496173.0794 7573529.0629
496256.5609 7573524.6319
496345.0669 7573566.0603
496443.9804 7573578.1174
496543.9365 7573580.9449
496643.8926 7573583.7724
496743.8742 7573584.7972
496843.8703 7573584.7892
496943.8664 7573584.7811
497043.2442 7573575.5937
497141.9855 7573559.8789
497235.4811 7573526.3567
497306.4225 7573459.0096
497369.5141 7573381.4295
497363.6793 7573290.5234
497334.0515 7573195.0174
497304.4237 7573099.5113
497291.0078 7573000.6935
497273.4127 7572902.3133
497254.3655 7572804.1480
497235.3183 7572705.9827
497204.4224 7572610.9438
497172.5587 7572516.1602
497140.6950 7572421.3766
497088.4530 7572336.2433
496999.5562 7572291.3276
496909.6703 7572247.5127
496823.5321 7572196.7331
496736.6613 7572147.6009
496641.5821 7572116.6386
496579.4971 7572080.8400
496665.4671 7572029.7676
496751.4370 7571978.6952
496842.9474 7571945.3986
496938.0719 7571922.3812
496969.6541 7571853.8148
496934.0919 7571760.3589
496897.9486 7571667.1233
496850.8812 7571579.4789
496808.1420 7571489.7196
496773.2670 7571396.0021
496773.2388 7571300.1634
496777.1063 7571201.4709
496751.0589 7571105.8970
496710.8437 7571014.4043
496668.2989 7570923.9103
496625.7541 7570833.4163
496596.4149 7570738.2091
496535.3888 7570662.1683
496458.2569 7570598.6860
496379.6678 7570536.8557
496295.3550 7570483.2666
496206.0138 7570438.3739
496118.1460 7570390.6405
496050.4114 7570324.4424
496010.4385 7570232.7834
495959.6695 7570147.7477
495896.0687 7570070.5846
495826.0338 7569999.8816
495738.6909 7569974.0861
495641.3067 7569996.1352
495545.1037 7570023.4153
495448.9007 7570050.6954
495352.6977 7570077.9756
495269.8310 7570053.5138
495198.8006 7569983.1297
495127.7703 7569912.7457
495056.7399 7569842.3617
495046.4649 7569745.2974
495019.8784 7569649.1865
494977.5629 7569558.6951
494917.6271 7569478.8693
494855.5327 7569400.4891
494793.3826 7569322.1528
494731.2325 7569243.8164
494701.1233 7569149.0224
494673.6505 7569052.8742
494646.1777 7568956.7261
494695.7550 7568871.7735
494749.4551 7568787.4199
494803.2449 7568703.1462
494880.6069 7568639.8746
494921.2014 7568552.1043
494853.3087 7568478.6890
494785.4160 7568405.2737
494720.6639 7568329.8272
494681.5505 7568237.7980
494642.9239 7568145.5748
494608.0048 7568051.8738
494569.7587 7567959.9117
494507.9088 7567882.6355
494423.0262 7567830.8987
494332.5580 7567823.3609
494281.9491 7567900.6051
494276.4946 7568000.3892
494275.1647 7568100.3765
494271.5031 7568192.7370
494214.4908 7568110.5858
494155.2796 7568030.3370
494080.0395 7567981.2460
493999.7315 7568039.0588
493933.0730 7568113.5964
493898.0360 7568204.4668
493924.7433 7568300.8304
493952.7911 7568396.6465
494000.9764 7568484.2644
494047.1014 7568572.9870
494093.2264 7568661.7096
494123.5053 7568749.5667
494067.9912 7568832.7377
494012.4772 7568915.9087
493942.1105 7568980.0125
493846.4862 7569008.5370
493748.6651 7569029.2797
493672.7634 7569027.3100
493690.0182 7568928.8138
493707.2729 7568830.3176
493720.3805 7568731.4629
493695.4208 7568644.4101
493609.3268 7568594.6268
493517.2161 7568555.7057
493425.1055 7568516.7847
493402.0015 7568434.1516
493381.1121 7568337.5779
493328.0856 7568254.1832
493248.3381 7568196.1568
493152.2352 7568175.3303
493084.6294 7568234.6781
493089.7154 7568329.0227
493101.3540 7568428.2206
493105.2802 7568518.9065
493021.1174 7568464.9078
492936.9547 7568410.9091
492887.3665 7568340.7646
492887.8336 7568242.0921
492848.2431 7568154.3425
492766.7088 7568103.7966
492668.0590 7568095.0379
492568.4725 7568103.8272
492477.6447 7568136.5331
492455.5907 7568211.2224
492518.6059 7568283.4433
492594.0835 7568347.5025
492660.4418 7568422.3076
492723.9660 7568499.3984
492795.9795 7568565.4961
492883.1065 7568614.5685
492970.2336 7568663.6410
492964.6085 7568677.0044
492867.0679 7568654.9807
492769.5272 7568632.9571
492675.0282 7568601.6322
492582.6034 7568601.7210
492570.0600 7568691.2072
492546.8489 7568771.5821
492450.4162 7568798.0388
492353.9835 7568824.4955
492255.7880 7568822.2713
492157.7350 7568802.9242
492060.0613 7568781.4984
491962.3876 7568760.0727
491878.5755 7568718.9442
491811.5067 7568652.9338
491715.1195 7568626.3121
491620.9053 7568596.0864
491547.5310 7568533.8460
491449.6633 7568538.4522
491380.8022 7568595.0505
491406.3869 7568690.0135
491467.0623 7568769.4976
491527.7377 7568848.9816
491577.4861 7568931.5987
491547.3771 7568968.3771
491480.5054 7568894.0306
491413.6337 7568819.6841
491353.3635 7568740.5664
491292.5539 7568663.5398
491204.2912 7568630.7605
491108.2781 7568652.0790
491047.8990 7568718.8720
491046.9828 7568817.3349
491062.6157 7568915.8838
491075.6339 7569013.7989
491067.9292 7569113.4978
491029.9449 7569100.4644
490973.3233 7569018.0434
490902.6294 7568948.6819
490838.5001 7568984.5767
490827.8381 7569078.1072
490846.5035 7569176.2314
490905.4914 7569250.5926
490995.1969 7569291.8892
491089.8439 7569324.1562
491119.6514 7569406.0935
491126.1620 7569505.8774
491132.6726 7569605.6614
491137.2961 7569705.5359
491171.6137 7569795.6847
491226.1783 7569879.4816
491280.7429 7569963.2785
491356.6954 7570007.1604
491456.6867 7570006.1799
491556.6780 7570005.1995
491656.6693 7570004.2190
491697.8407 7570059.8844
491693.0968 7570159.7679
491688.3529 7570259.6514
491659.0142 7570354.7449
491641.3660 7570452.9931
491637.7040 7570552.8264
491635.6442 7570652.8013
491633.5843 7570752.7762
491614.3724 7570850.8050
491593.9824 7570948.7002
491576.5785 7571046.7687
491592.6792 7571143.7799
491649.3448 7571226.1706
491706.0104 7571308.5613
491735.3045 7571394.3329
491700.3895 7571488.0354
491679.0732 7571584.0779
491695.2813 7571680.9980
491743.7800 7571767.3622
491806.0342 7571845.6134
491867.7214 7571924.3148
491929.4086 7572003.0162
491991.2092 7572081.6285
492053.1571 7572160.1248
492115.1051 7572238.6211
492167.0646 7572323.0541
492206.4100 7572414.9843
492245.7554 7572506.9145
492279.2930 7572600.8751
492305.7952 7572697.2953
492336.3779 7572792.3845
492374.2466 7572884.8896
492414.9344 7572976.2336
492455.6222 7573067.5776
492477.1489 7573163.0481
492477.6674 7573263.0429
492478.1858 7573363.0377
492503.3880 7573456.8340
492558.1962 7573540.0453
492619.2758 7573619.2191
492684.8865 7573694.5106
492752.8408 7573767.8612
492820.1392 7573841.8217
492887.4375 7573915.7822
492947.6183 7573995.2983
493003.0241 7574078.5414
493062.2049 7574159.0567
493124.4715 7574237.2979
493187.1388 7574315.2211
493248.5924 7574394.0958
493309.3018 7574473.5539
493370.0112 7574553.0120
493411.5771 7574643.1588
493462.5404 7574728.7316
493519.0719 7574811.2095
493575.9891 7574893.4266
493632.9063 7574975.6437
493687.0179 7575059.7170
493759.8887 7575126.9491
493836.4321 7575191.2888
493912.7232 7575255.9331
493989.0144 7575320.5774
494050.2842 7575399.0912
494136.8155 7575445.2764
494228.6267 7575484.8987
494320.4379 7575524.5210
494385.4904 7575599.2056
494454.9120 7575671.1283
494520.5549 7575746.5444
494585.8678 7575822.2639
494647.7146 7575899.4438
494656.2767 7575999.0726
494667.4624 7576098.1490
494702.4270 7576191.4889
494757.2445 7576275.1206
494812.0621 7576358.7523
494867.8588 7576441.7244
494935.0555 7576514.5461
495024.9334 7576548.1885
495124.2358 7576559.9465
495208.5304 7576590.6525
495242.7160 7576684.6236
495277.4386 7576778.3944
495324.0504 7576865.1799
495392.9198 7576937.5274
495469.4232 7577001.5720
495558.1075 7577038.0636
495656.5332 7577027.9534
495752.3912 7576999.4846
495848.2492 7576971.0159
495896.4374 7577019.0037
495913.0673 7577117.6073
495970.9518 7577195.5798
496052.5826 7577252.5814
496136.9584 7577306.2464
496221.3343 7577359.9115
496312.4891 7577400.7393
496404.3875 7577440.1590
496496.2858 7577479.5787
496591.6348 7577509.6748
496691.0747 7577520.0703
496791.0632 7577521.1213
496890.5617 7577511.1756