507978.9561 7595808.0220
507971.6520 7595708.4285
507923.7214 7595620.8430
507851.5750 7595551.6252
507772.5287 7595490.3541
507692.5317 7595430.9524
507596.3000 7595403.7903
507498.4966 7595382.8862
507400.6933 7595361.9820
507372.4730 7595293.4855
507388.4522 7595194.7579
507419.4784 7595114.3405
507519.4310 7595117.7973
507619.3355 7595115.9910
507718.8846 7595106.8930
507816.1114 7595085.0419
507886.3538 7595022.6351
507928.2608 7594932.3859
507940.3844 7594834.7374
507938.8613 7594734.7367
507916.6980 7594638.5439
507882.4366 7594544.5831
507843.3235 7594452.6221
507803.5874 7594360.8598
507765.0903 7594268.5536
507726.5931 7594176.2473
507686.5893 7594084.5914
507636.9495 7593998.0617
507582.8676 7593913.9331
507528.2583 7593830.1470
507461.2988 7593756.6808
507388.4387 7593688.1689
507315.5786 7593619.6571
507286.2037 7593526.8872
507266.1825 7593428.8993
507229.2562 7593336.2670
507177.8228 7593250.6618
507124.4122 7593166.1055
507071.0016 7593081.5491
507037.3120 7592987.8021
507006.9130 7592892.5216
506976.5140 7592797.2412
506958.3072 7592699.0262
506927.3895 7592604.0930
506889.6020 7592511.5002
506851.6011 7592418.9886
506813.4828 7592326.5287
506770.5152 7592236.2392
506716.6515 7592151.9708
506662.1587 7592068.1135
506602.7022 7591987.7267
506532.8409 7591916.3187
506447.3232 7591864.5252
506368.4643 7591803.0130
506289.6055 7591741.5009
506214.6476 7591676.1727
506154.2488 7591596.4704
506091.8897 7591518.2795
506029.5306 7591440.0886
505981.3809 7591354.4694
505940.6896 7591264.4509
505883.4969 7591182.4056
505826.1379 7591100.4763
505768.7789 7591018.5470
505726.2917 7590929.1639
505690.4412 7590835.8912
505651.2342 7590743.8843
505612.0272 7590651.8773
505593.2017 7590555.1924
505588.3635 7590455.2972
505581.8516 7590355.5061
505557.1631 7590259.5936
505504.5543 7590175.9284
505441.6326 7590098.1895
505378.7109 7590020.4507
505357.5229 7589928.2379
505358.8005 7589828.2337
505364.4245 7589728.4168
505371.7529 7589628.6733
505379.0812 7589528.9298
505382.5302 7589428.9953
505373.4811 7589329.5561
505337.4013 7589237.0750
505277.3307 7589157.7783
505205.8658 7589087.9719
505132.7818 7589019.6989
505059.6978 7588951.4260
504992.9718 7588877.0422
504927.6489 7588801.3098
504861.4990 7588726.3005
504795.1726 7588651.4454
504728.8463 7588576.5903
504672.3894 7588494.2134
504619.1203 7588409.5706
504566.0980 7588324.7702
504513.0757 7588239.9698
504468.7328 7588150.4196
504425.8909 7588060.0479
504374.4439 7587974.3749
504304.3064 7587903.5973
504231.6103 7587834.9115
504158.9142 7587766.2257
504112.6375 7587678.1974
504065.1495 7587590.1901
504016.2744 7587502.9344
503967.2986 7587415.7344
503920.6752 7587327.2582
503874.2833 7587238.6566
503816.6101 7587170.2073
503723.5243 7587206.7791
503630.4384 7587243.3510
503542.1060 7587256.3407
503470.4567 7587186.5636
503398.8073 7587116.7865
503396.5851 7587026.0359
503417.6177 7586928.2601
503420.6776 7586828.7686
503408.7510 7586729.6042
503380.0543 7586634.0998
503347.4729 7586539.5434
503314.8915 7586444.9869
503291.9307 7586347.7404
503256.2518 7586254.5360
503201.6079 7586171.1207
503144.2119 7586089.2173
503086.8158 7586007.3139
503047.1054 7585915.8703
503010.1814 7585822.9236
502973.2574 7585729.9769
502918.9825 7585646.2435
502850.7159 7585573.2708
502781.5840 7585500.9987
502712.4522 7585428.7266
502652.6129 7585348.6378
502593.2474 7585268.1506
502533.8818 7585187.6633
502507.4249 7585091.4834
502476.1153 7584996.5035
502411.1077 7584920.6675
502338.5201 7584851.8670
502265.9326 7584783.0665
502195.5619 7584712.7513
502157.8528 7584620.1203
502120.1436 7584527.4894
502078.6084 7584437.7587
501999.6095 7584376.4265
501920.6105 7584315.0944
501840.5909 7584255.2705
501754.2842 7584204.7370
501667.8801 7584154.3727
501580.8854 7584105.0331
501493.8907 7584055.6935
501439.3419 7583996.3395
501483.3948 7583906.5519
501527.4477 7583816.7643
501571.5006 7583726.9767
501631.3110 7583668.9569
501729.7494 7583678.1471
501801.1873 7583636.8996
501808.0685 7583537.5503
501802.9999 7583437.6665
501791.1388 7583338.7176
501767.0709 7583241.6755
501740.1105 7583145.3656
501713.1500 7583049.0556
501674.2055 7582958.0290
501621.2911 7582873.1613
501568.3766 7582788.2936
501509.3048 7582707.8416
501449.5065 7582627.7641
501392.2090 7582545.7917
501334.9115 7582463.8193
501381.6350 7582402.5940
501345.2639 7582311.9121
501279.2253 7582236.8862
501209.3972 7582165.2865
501139.5691 7582093.6869
501072.4805 7582019.6465
501009.3838 7581942.0497
500935.7578 7581876.7602
500843.2890 7581845.1214
500747.5295 7581859.9811
500655.4820 7581899.0930
500586.7740 7581891.5640
500562.8982 7581794.4434
500539.0225 7581697.3227
500515.1467 7581600.2021
500515.1419 7581502.8285
500499.9410 7581411.0163
500449.3512 7581324.7427
500432.3243 7581232.5448
500450.3202 7581134.1648
500468.3160 7581035.7848
500472.4301 7580936.6179
500423.8608 7580856.6000
500335.0064 7580814.9464
500240.0640 7580783.5075
500145.1216 7580752.0686
500053.7844 7580717.2698
500027.6062 7580621.0876
499962.3816 7580550.4206
499865.2983 7580566.8266
499780.6621 7580620.1106
499703.8044 7580680.1808
499673.3810 7580772.7292
499691.5736 7580870.9278
499720.7554 7580966.5881
499749.9372 7581062.2484
499801.8212 7581145.8097
499864.9583 7581223.3737
499931.0797 7581298.3627
499998.5609 7581372.1784
500061.9938 7581448.0153
500080.4444 7581546.3110
500098.8950 7581644.6067
500117.3456 7581742.9024
500107.2395 7581840.6524
500095.4492 7581939.7347
500115.9701 7582035.9896
500186.8422 7582100.7618
500255.5012 7582172.6797
500320.7297 7582248.4934
500371.7520 7582330.5389
500383.3569 7582429.8757
500394.9890 7582529.0647
500387.8958 7582628.8252
500380.8027 7582728.5857
500377.1374 7582828.4898
500388.9199 7582927.2137
500427.5290 7583018.1634
500487.9406 7583097.2464
500556.1091 7583170.4126
500629.1198 7583238.6153
500705.5020 7583303.1674
500782.4503 7583367.0535
500838.2490 7583447.4675
500880.6923 7583537.9263
500905.3178 7583634.8393
500926.0106 7583732.6875
500946.7035 7583830.5358
500967.3964 7583928.3840
500930.8568 7584007.4515
500873.2770 7584087.7839
500823.9936 7584174.8104
500784.9082 7584266.5444
500749.2296 7584359.9711
500712.9505 7584453.1713
500676.6714 7584546.3716
500615.7099 7584624.1499
500547.8507 7584697.6182
500479.9916 7584771.0866
500388.1425 7584807.8685
500317.0028 7584877.2313
500263.9579 7584961.8599
500234.6429 7585057.2962
500240.1032 7585156.9457
500283.0360 7585245.9301
500361.8768 7585184.8708
500434.8242 7585116.4519
500507.7715 7585048.0329
500492.5689 7585135.4096
500471.4883 7585233.1750
500450.4077 7585330.9405
500396.5201 7585414.8221
500341.0176 7585498.0203
500283.8488 7585578.8365
500186.6636 7585602.4481
500089.4784 7585626.0597
499991.6953 7585644.1954
499891.7047 7585642.1122
499791.7140 7585640.0290
499859.5081 7585583.1289
499938.9816 7585522.4130
500019.1033 7585462.6205
500092.4183 7585401.8825
500102.2571 7585302.3581
500110.5740 7585202.6922
500118.8908 7585103.0262
500121.8395 7585003.2504
500114.9708 7584903.5202
500104.6435 7584804.0424
500094.3163 7584704.5647
500094.9485 7584605.2152
500107.5994 7584506.0062
500120.2503 7584406.7972
500116.7821 7584307.9991
500086.9707 7584213.2618
500046.9897 7584121.5890
500007.2590 7584029.8070
499967.5282 7583938.0250
499913.1561 7583855.6484
499845.1592 7583782.3191
499776.2834 7583709.8029
499699.0538 7583647.0880
499606.8188 7583613.6787
499508.7207 7583594.2048
499410.6226 7583574.7308
499312.3214 7583556.3285
499213.9001 7583538.5604
499115.4787 7583520.7924
499016.0656 7583513.0324
498916.0662 7583513.2217
498816.0620 7583514.5012
498716.0569 7583515.7050
498616.0518 7583516.9088
498516.5566 7583509.2932
498416.8495 7583505.6822
498317.3322 7583514.1630
498218.0893 7583526.5454
498118.8464 7583538.9277
498019.4128 7583537.0602
497919.8309 7583539.4498
497820.3717 7583549.9013
497720.9896 7583561.1116
497621.6075 7583572.3220
497521.9188 7583570.2363
497422.1256 7583563.6191
497322.3324 7583557.0020
497227.6583 7583527.5462
497134.5883 7583490.9343
497041.5182 7583454.3224
497104.7207 7583382.0578
497172.7025 7583308.7029
497249.2351 7583249.0845
497345.0662 7583220.4685
497440.8972 7583191.8525
497537.8410 7583186.5085
497635.9652 7583205.8507
497733.6086 7583227.3767
497830.7839 7583251.0291
497927.9592 7583274.6814
498023.3512 7583304.1476
498117.0761 7583339.0490
498213.5031 7583363.4741
498312.9894 7583370.2387
498412.9673 7583368.0854
498512.9150 7583364.4913
498612.8628 7583360.8973
498711.5935 7583371.6949
498810.7954 7583381.0484
498910.7712 7583383.7529
499010.7470 7583386.4575
499110.4814 7583393.2554
499210.3070 7583398.7557
499310.2740 7583398.2826
499409.4842 7583387.2727
499508.2715 7583371.6668
499584.7514 7583315.6855
499560.8499 7583228.5723
499508.4891 7583143.4802
499452.8030 7583060.4090
499387.6664 7582984.7047
499324.1428 7582907.4807
499261.2152 7582829.7466
499202.5869 7582750.0601
499185.3321 7582651.5484
499165.4682 7582553.6197
499133.2049 7582458.9542
499100.9416 7582364.2887
499069.2145 7582269.4522
499036.5341 7582175.6056
498981.7989 7582092.2194
498941.8112 7582000.5490
498901.8235 7581908.8787
498883.0294 7581814.8231
498880.4255 7581718.9455
498845.6865 7581625.4266
498819.3990 7581528.9308
498793.1116 7581432.4350
498798.6763 7581337.7468
498801.8692 7581243.5851
498762.5787 7581152.1497
498714.3190 7581064.5513
498667.8611 7580976.0059
498623.0723 7580886.5831
498547.7461 7580831.9066
498453.3124 7580798.9710
498365.1329 7580802.8267
498286.8864 7580865.1161
498229.3796 7580820.7640
498180.1816 7580733.6892
498130.9836 7580646.6144
498100.0790 7580552.2112
498063.3126 7580459.5137
497999.3254 7580384.3001
497923.9655 7580318.6272
497847.4320 7580254.2448
497770.8985 7580189.8624
497710.2408 7580111.0094
497653.2064 7580028.8538
497590.8477 7579950.7212
497517.4571 7579883.0524
497442.1363 7579817.2554
497372.0193 7579749.3448
497375.9253 7579650.3530
497324.2340 7579572.4059
497227.8282 7579545.7903
497131.4224 7579519.1746
497036.9884 7579487.1799
496945.3358 7579447.2706
496849.8095 7579420.9191
496750.1550 7579412.4663
496650.5005 7579404.0134
496551.0804 7579393.4624
496452.0174 7579379.7153
496352.9543 7579365.9682
496325.5717 7579331.7813
496402.4859 7579267.8542
496491.9601 7579246.3306
496591.5514 7579247.8040
496682.8224 7579214.7630
496737.6313 7579136.7909
496722.8110 7579044.7624
496649.3843 7578981.4397
496565.4462 7578927.0627
496482.0446 7578872.1123
496421.7230 7578792.4358
496344.6890 7578728.7974
496255.0082 7578684.5833
496161.2223 7578649.8462
496067.8397 7578614.2583
495981.5878 7578563.6315
495895.3359 7578513.0046
495812.8073 7578457.5553
495742.0018 7578386.9220
495671.1964 7578316.2888
495610.4436 7578238.5667
495560.7942 7578152.4286
495498.8144 7578073.9367
495436.8346 7577995.4448
495352.8258 7577951.4472
495255.5454 7577928.2309
495158.2650 7577905.0146
495095.9966 7577827.0077
495034.0598 7577748.4819
494973.9650 7577669.6730
495008.5051 7577576.0327
494999.3361 7577476.7173
494960.9463 7577384.3663
494922.5566 7577292.0154
494882.6349 7577200.4637
494826.9315 7577117.7093
494754.4487 7577048.8652
494676.2336 7576986.5365
494598.0184 7576924.2079
494520.6319 7576860.9414
494447.6723 7576792.8100
494363.7026 7576738.6908
494273.6018 7576695.2821
494183.5010 7576651.8734
494098.9978 7576602.2886
494046.9642 7576516.8779
493994.9307 7576431.4672
493964.8752 7576341.5038
493973.5430 7576242.1320
493967.0139 7576142.5828
493947.6723 7576044.5509
493921.5689 7575948.0156
493889.6651 7575853.4023
493844.9845 7575764.3057
493786.3595 7575683.5639
493716.6263 7575612.2365
493632.3477 7575564.0219
493597.4302 7575596.2568
493644.2383 7575684.4159
493694.9992 7575770.5889
493745.7602 7575856.7620
493769.1439 7575952.4449
493773.4761 7576052.2094
493774.5047 7576152.2164
493716.3225 7576194.8012
493616.3309 7576196.8394
493516.3393 7576198.8776
493438.4493 7576140.4739
493363.3590 7576074.4140
493288.2686 7576008.3541
493220.5829 7575934.7822
493153.4489 7575860.6506
493084.0828 7575788.7005
492990.3404 7575754.0866
492890.8823 7575745.8678
492795.3628 7575775.5071
492709.3824 7575786.9053
492676.9897 7575692.4600
492631.8630 7575603.2073
492586.7364 7575513.9545
492548.0266 7575422.8627
492537.4905 7575323.4608
492520.1032 7575224.9714
492502.3184 7575126.5565
492477.5300 7575030.3411
492428.6004 7574943.3049
492370.2915 7574862.0489
492311.5142 7574781.1383
492245.1981 7574708.0403
492159.2796 7574656.8496
492073.3612 7574605.6588
491986.6772 7574555.8311
491898.2546 7574509.0988
491809.8319 7574462.3666
491767.5859 7574378.2962
491724.2313 7574288.6950
491675.8774 7574201.1486
491627.5235 7574113.6022
491564.0123 7574036.9025
491496.7511 7573962.8862
491429.4900 7573888.8699
491347.8137 7573831.7457
491253.2037 7573799.6319
491158.2463 7573768.2382
491064.0653 7573734.7824
490971.9065 7573695.9348
490879.2617 7573658.2814
490785.6466 7573623.0982
490691.1336 7573590.4488
490595.8050 7573560.2179
490500.9753 7573528.4405
490406.1457 7573496.6631
490327.7391 7573445.8814
490282.5518 7573356.6593
490237.3646 7573267.4372
490183.1932 7573184.4411
490112.7164 7573113.6440
490032.4377 7573055.2397
489938.9425 7573031.9652
489853.4468 7573071.6401
489780.2375 7573139.7787
489707.9148 7573158.9651
489637.2210 7573088.2201
489584.9988 7573007.6201
489565.6028 7572909.5065
489546.2068 7572811.3930
489590.2685 7572721.9984
489635.4074 7572632.7518
489680.5462 7572543.5052
489727.2750 7572456.1918
489821.4314 7572427.9808
489791.1016 7572332.6782
489760.7719 7572237.3757
489726.9409 7572143.4590
489683.8285 7572053.2160
489648.6352 7571961.0424
489632.6182 7571865.5752
489565.6441 7571794.6539
489472.6487 7571757.8528
489381.4273 7571717.5898
489295.5127 7571666.9903
489202.3460 7571630.6250
489109.1793 7571594.2596
489016.0126 7571557.8943
488956.2076 7571483.7584
488908.6155 7571395.7955
488861.0234 7571307.8327
488813.4313 7571219.8699
488796.8600 7571121.4674
488711.8856 7571100.0030
488705.5713 7571199.8158
488699.2570 7571299.6286
488692.9427 7571399.4414
488649.1026 7571487.2659
488596.3794 7571572.2526
488545.3207 7571658.2200
488534.2008 7571754.7488
488541.0186 7571854.5006
488549.2622 7571954.1726
488569.4467 7572051.8782
488593.6006 7572148.9300
488602.2816 7572244.5597
488560.8414 7572335.5827
488519.4012 7572426.6056
488484.9038 7572519.7175
488469.2377 7572618.4953
488453.5715 7572717.2730
488451.5535 7572815.9586
488482.0815 7572909.9303
488521.2554 7573001.5556
488551.9106 7573096.7540
488572.5294 7573191.7136
488537.3812 7573285.3463
488509.7252 7573379.9693
488541.1451 7573467.8790
488614.4654 7573535.3962
488679.5471 7573611.3359
488744.6288 7573687.2756
488699.9043 7573716.6430
488609.1656 7573752.4463
488525.9388 7573807.8815
488442.9720 7573863.7293
488361.3179 7573864.8306
488273.1782 7573821.1164
488231.9967 7573865.9548
488248.4164 7573963.6414
488305.3593 7574040.5270
488394.7687 7574080.3509
488491.4743 7574105.8555
488588.1800 7574131.3601
488621.9516 7574214.6936
488648.6242 7574310.9569
488683.3096 7574404.7144
488719.4291 7574497.9767
488755.5486 7574591.2390
488787.7947 7574685.8943
488825.2972 7574778.5821
488863.5377 7574870.9950
488901.7781 7574963.4079
488923.2299 7575060.9343
488942.9983 7575158.9735
488962.7668 7575257.0127
488963.6397 7575356.9191
488948.8445 7575455.7744
488933.2865 7575554.5692
488917.8641 7575653.3840
488904.3860 7575752.4840
488890.9078 7575851.5840
488879.6204 7575950.8102
488887.8146 7576049.3396
488932.4028 7576138.7616
488985.6856 7576223.3986
489038.9683 7576308.0356
489091.0235 7576393.3707
489136.5299 7576482.4305
489182.0362 7576571.4903
489224.1336 7576661.8740
489251.5697 7576758.0284
489285.4053 7576851.9968
489329.5892 7576941.7199
489373.7731 7577031.4431
489391.7379 7577118.9442
489333.0840 7577199.9515
489298.6574 7577285.5553
489324.5216 7577382.1555
489352.2570 7577478.2451
489379.9925 7577574.3347
489331.1692 7577650.5520
489270.8282 7577729.9646
489302.8687 7577812.2446
489359.5976 7577894.6114
489414.5734 7577977.7732
489439.1513 7578074.7186
489463.7292 7578171.6639
489512.9592 7578253.4008
489588.5727 7578318.8613
489664.1862 7578384.3217
489739.2557 7578450.4021
489815.7805 7578514.7569
489893.4435 7578577.7722
489971.1065 7578640.7875
490037.4058 7578714.6961
490109.9864 7578782.0853
490202.8930 7578808.3543
490301.1375 7578825.8940
490398.6512 7578848.1102
490496.1648 7578870.3263
490579.6020 7578923.0550
490658.1977 7578984.8907
490736.4387 7579047.1870
490814.6796 7579109.4833
490896.6565 7579166.7057
490990.6569 7579199.1911
491086.2918 7579228.4551
491181.8982 7579257.8132
491277.5045 7579287.1712
491345.4853 7579359.2375
491411.4636 7579434.3996
491483.0804 7579504.1801
491573.4504 7579546.1750
491665.0374 7579586.3533
491741.7738 7579631.2978
491690.6744 7579717.2706
491639.5750 7579803.2434
491573.7168 7579865.5022
491474.0154 7579873.3830
491374.3140 7579881.2638
491279.4624 7579865.7182
491189.5285 7579822.1643
491097.5195 7579782.9622
491005.5104 7579743.7601
490956.0298 7579678.0674
490923.9322 7579590.2719
490841.9081 7579594.0701
490751.8527 7579637.5730
490660.8071 7579668.4593
490565.0671 7579639.5398
490469.3272 7579610.6203
490373.6183 7579581.5993
490278.0557 7579552.0989
490181.7114 7579527.7194
490102.7964 7579556.1133
490080.5547 7579653.0236
490076.2709 7579752.8622
490077.7407 7579852.8637
490079.2105 7579952.8653
490042.7213 7580038.2289
489974.4904 7580111.3522
489906.2595 7580184.4755
489822.8767 7580234.5199
489729.1871 7580269.4935
489635.8511 7580305.4222
489542.5152 7580341.3508
489479.6761 7580417.5493
489449.7318 7580512.8556
489445.2776 7580612.7090
489480.7734 7580706.1508
489516.5437 7580799.5476
489549.1994 7580893.4237
489543.1697 7580993.2542
489537.1400 7581093.0846
489530.3243 7581192.8313
489515.8687 7581291.7686
489508.5785 7581391.5149
489501.2883 7581491.2612
489492.5502 7581590.7813
489470.2659 7581688.2047
489461.1817 7581787.7203
489464.7444 7581887.6692
489468.3071 7581987.6180
489460.6509 7582084.0917
489401.2124 7582164.5251
489341.7738 7582244.9584
489276.7273 7582319.3941
489192.4878 7582373.3031
489108.2483 7582427.2121
489023.5714 7582480.4114
488937.5521 7582531.4325
488851.5328 7582582.4535
488762.1111 7582624.8836
488664.4836 7582646.5937
488566.8560 7582668.3038
488470.1811 7582693.5002
488374.9586 7582724.0782
488279.6202 7582754.2951
488184.2819 7582784.5121
488095.4930 7582830.2525
487999.9494 7582859.4973
487904.0413 7582887.8541
487896.0460 7582876.8508
487981.0765 7582824.1982
488046.6927 7582750.1579
488065.7096 7582653.9820
488076.6208 7582554.5666
488096.0996 7582459.1883
488153.1331 7582383.1234
488150.4827 7582283.9359
488166.8817 7582185.2772
488183.2806 7582086.6185
488256.9422 7582023.0727
488304.7409 7581936.2199
488349.4163 7581846.7404
488394.0918 7581757.2609
488420.2998 7581660.8293
488429.0920 7581561.2334
488437.5436 7581461.5788
488427.7514 7581362.0522
488383.5627 7581272.3774
488348.9295 7581178.5530
488314.2963 7581084.7286
488300.5661 7580990.2802
488320.7594 7580893.1551
488316.0696 7580793.6218
488300.8422 7580694.7755
488285.6147 7580595.9292
488301.3100 7580501.5563
488338.8573 7580408.9966
488344.1973 7580311.9078
488317.4468 7580216.1394
488282.1571 7580122.5599
488246.8673 7580028.9805
488218.6453 7579933.2178
488195.0075 7579836.0390
488146.3060 7579751.4346
488072.0449 7579685.0559
487993.9576 7579622.5671
487898.8587 7579609.3769
487798.8517 7579610.4101
487698.8446 7579611.4432
487686.6601 7579531.8734
487700.3861 7579433.0435
487710.0589 7579336.2004
487668.5884 7579249.1657
487586.1433 7579197.3025
487488.2704 7579181.7944
487409.5166 7579218.5525
487399.0030 7579313.1652
487377.1018 7579406.1286
487324.8702 7579440.2839
487259.5155 7579364.5790
487194.1607 7579288.8741
487141.2494 7579205.6373
487090.7420 7579121.3126
487008.6834 7579069.4467
486911.8901 7579045.8761
486813.0959 7579030.3141
486714.3017 7579014.7521
486627.3125 7578967.9986
486529.9728 7578972.3012
486435.5391 7579004.6520
486341.5489 7579038.8328
486247.5588 7579073.0137
486151.5121 7579050.0571
486051.6881 7579047.2972
485951.6880 7579045.7329
485854.4714 7579068.7209
485763.5354 7579110.2187
485672.7955 7579152.2750
485625.6814 7579114.5585
485612.1310 7579015.4684
485599.0215 7578916.4799
485654.6203 7578833.3460
485710.2191 7578750.2121
485775.4463 7578684.0136
485875.2010 7578677.3444
485974.5399 7578665.7575
486073.8788 7578654.1706
486170.1681 7578659.0864
486258.8055 7578705.4101
486349.2260 7578747.6288
486444.0161 7578779.4560
486539.7629 7578808.3526
486634.8276 7578839.2715
486728.5136 7578874.2773
486822.1995 7578909.2832
486916.3134 7578943.0847
487011.0859 7578975.0321
487105.8584 7579006.9796
487198.2721 7579044.6018
487293.1926 7579067.8128
487393.1500 7579071.1287
487492.6138 7579065.2851
487591.6808 7579065.8752
487690.7870 7579079.3077
487789.5120 7579093.8520
487876.4787 7579142.8625
487974.1046 7579163.4965
488073.3843 7579153.3942
488166.7878 7579117.6630
488258.6226 7579078.0545
488347.7857 7579034.8369
488384.8094 7578957.1627
488312.0191 7578895.5687
488218.0741 7578861.2641
488302.8370 7578876.3542
488401.0643 7578895.1658
488483.0402 7578881.0704
488465.5024 7578799.0237
488376.1466 7578765.3928
488276.3198 7578760.6938
488176.7054 7578751.7810
488077.0910 7578742.8682
487996.5352 7578696.0178
487913.3378 7578686.9261
487834.0787 7578746.5753
487757.5509 7578810.9644
487704.2038 7578816.5918
487702.7544 7578717.5710
487719.8739 7578619.0347
487736.9934 7578520.4984
487823.8024 7578477.1012
487915.7594 7578437.7771
488007.7163 7578398.4530
488103.9146 7578371.2300
488200.3005 7578344.5425
488296.6864 7578317.8549
488392.9023 7578344.7276
488490.0502 7578367.1636
488588.7005 7578353.2653
488670.5494 7578302.0684
488660.8316 7578209.4134
488586.6650 7578142.3180
488512.4984 7578075.2227
488445.7309 7578002.1464
488395.6741 7577915.5624
488352.1659 7577826.1390
488323.1781 7577730.4198
488294.1903 7577634.7005
488254.5634 7577543.3644
488207.7129 7577455.0043
488193.8142 7577357.1798
488166.1878 7577261.5185
488129.7369 7577168.4113
488092.3744 7577075.6400
488055.0119 7576982.8687
488076.8694 7576886.6339
488099.5585 7576789.2342
488105.4194 7576689.4919
488101.6919 7576589.5734
488044.8863 7576508.5554
487984.5116 7576428.8223
487924.1368 7576349.0893
487874.6158 7576262.2420
487845.6117 7576166.6263
487817.4085 7576070.6730
487797.1410 7575973.7319
487788.6200 7575876.4451
487737.3641 7575791.1968
487674.6954 7575713.2539
487612.0267 7575635.3109
487598.7339 7575539.4995
487597.0085 7575439.5021
487574.6711 7575342.5245
487542.7649 7575247.7693
487509.7570 7575153.3608
487476.7491 7575058.9524
487469.1722 7574959.9251
487443.6338 7574863.8046
487409.9380 7574769.6533
487375.5797 7574675.7279
487308.8901 7574602.5952
487234.9419 7574535.2593
487160.9936 7574467.9234
487099.1846 7574391.6449
487074.6606 7574297.4633
487078.6977 7574197.5325
487082.7347 7574097.6016
487086.7717 7573997.6708
487118.4580 7573905.3822
487158.8210 7573814.0698
487169.6838 7573716.3467
487142.6146 7573621.6216
487104.0575 7573529.3406
487065.3981 7573437.1022
487026.7387 7573344.8638
486988.0793 7573252.6254
487005.1478 7573159.5278
486995.6765 7573061.3482
486946.3989 7572975.1806
486876.7545 7572903.6592
486805.7494 7572833.2267
486760.1583 7572764.1174
486826.3889 7572694.3233
486838.6259 7572596.0020
486826.2660 7572496.7563
486813.9062 7572397.5106
486796.5269 7572299.4108
486764.5954 7572204.6329
486732.6639 7572109.8550
486720.3002 7572014.4072
486745.6756 7571917.6676
486767.8370 7571820.2481
486784.2176 7571721.5879
486801.3626 7571623.0561
486818.5076 7571524.5243
486829.1444 7571425.3347
486821.2368 7571326.2591
486801.9534 7571228.1234
486782.6699 7571129.9877
486701.3977 7571077.0736
486613.8357 7571028.7480
486526.2737 7570980.4225
486448.8476 7570920.7788
486380.8401 7570850.2660
486291.5898 7570806.2747
486196.8401 7570774.2596
486102.0903 7570742.2446
486088.9429 7570671.9623
486124.9177 7570578.6442
486160.8926 7570485.3260
486230.6932 7570416.1907
486307.3542 7570351.9602
486400.2534 7570359.7781
486452.8737 7570278.8737
486444.6902 7570179.2019
486434.5161 7570079.7084
486414.4251 7569981.9448
486390.3126 7569884.8826
486375.2607 7569787.0954
486373.5216 7569688.1822
486337.4028 7569597.3489
486273.9866 7569520.0129
486210.5704 7569442.6770
486151.5824 7569362.2441
486088.5258 7569288.1338
485999.3112 7569244.8872
485901.9014 7569223.5667
485802.5216 7569212.3365
485703.7481 7569199.1197
485611.4208 7569174.2452
485512.4415 7569188.5828
485447.2934 7569247.3056
485455.8894 7569342.3412
485482.8282 7569438.6572
485509.7670 7569534.9732
485524.6572 7569633.5979
485541.3002 7569732.1475
485560.1122 7569830.3747
485586.7671 7569926.6540
485616.0986 7570022.2685
485645.4302 7570117.8830
485556.1482 7570094.4349
485460.6452 7570064.7423
485370.6947 7570029.8981
485348.2281 7569932.4418
485325.7614 7569834.9856
485329.6666 7569739.3697
485365.4517 7569645.9786
485388.7691 7569549.4923
485378.2807 7569451.9751
485336.7963 7569361.9265
485285.0201 7569276.3596
485233.2438 7569190.7928
485183.4585 7569104.0589
485134.0966 7569017.0769
485084.7346 7568930.0949
485034.7454 7568843.5318
484973.0116 7568765.1634
484880.3789 7568767.7531
484831.8867 7568847.9660
484774.9260 7568903.0955
484780.0695 7568999.8514
484810.6892 7569095.0612
484841.3090 7569190.2709
484871.9287 7569285.4807
484877.3663 7569383.7271
484868.5152 7569483.3407
484858.9382 7569582.8934
484840.1526 7569679.1852
484796.1511 7569766.7832
484782.8830 7569865.9115
484769.6779 7569965.0482
484753.3348 7570063.5688
484728.4962 7570160.4476
484703.6576 7570257.3265
484616.7330 7570239.0179
484522.1527 7570206.5058
484427.5724 7570173.9937
484329.4477 7570155.1870
484230.7158 7570139.2411
484133.0270 7570117.8731
484035.4306 7570096.0235
483937.8341 7570074.1740
483839.8546 7570054.1368
483740.9174 7570039.5114
483641.9803 7570024.8860
483543.4622 7570008.8106
483451.9821 7569968.3896
483360.5779 7569927.8034
483270.3446 7569884.6710
483180.1112 7569841.5385
483098.7816 7569789.4179
483051.9328 7569701.3172
482995.9620 7569618.6478
482949.6672 7569529.9953
482903.3724 7569441.3428
482857.0777 7569352.6903
482868.5342 7569266.0927
482921.0126 7569180.9546
482973.4910 7569095.8166
483025.9695 7569010.6786
483114.0190 7569023.2583
483206.9764 7569041.3260
483199.2412 7568941.6132
483181.9854 7568843.1093
483086.5160 7568828.1379
482987.0807 7568817.4106
482887.7874 7568805.4476
482788.5134 7568793.3175
482689.2394 7568781.1875
482605.8388 7568738.6672
482539.1666 7568664.1200
482489.8630 7568578.9454
482453.8353 7568485.6476
482417.8075 7568392.3498
482410.4301 7568294.0278
482392.2034 7568196.3750
482330.6446 7568120.5358
482259.6460 7568050.0966
482204.9665 7567968.3126
482130.3566 7567947.8157
482033.7902 7567973.8423
481937.5006 7567994.1442
481843.8968 7567958.9192
481750.2930 7567923.6943
481656.6892 7567888.4693
481568.6028 7567901.2370
481524.2696 7567980.4560
481506.6486 7568078.7709
481485.0235 7568176.4173
481463.3985 7568274.0637
481503.2703 7568364.2259
481549.3251 7568452.8411
481608.2147 7568533.6772
481667.1043 7568614.5134
481693.3287 7568671.7928
481598.0341 7568641.4381
481529.2128 7568572.8769
481436.7468 7568555.4796
481397.7331 7568646.6754
481416.9239 7568744.1353
481472.7647 7568827.1069
481528.6055 7568910.0784
481576.8456 7568995.3196
481575.6446 7569095.3248
481574.4437 7569195.3299
481536.1917 7569165.5595
481468.2001 7569092.6982
481432.6526 7569170.9185
481402.6540 7569265.8202
481434.0091 7569360.7903
481465.3642 7569455.7605
481500.4709 7569548.8426
481558.0582 7569630.6116
481615.6455 7569712.3807
481676.7907 7569790.7094
481756.5804 7569851.0092
481836.3702 7569911.3090
481920.2590 7569961.8334
482019.1934 7569976.4771
482118.1279 7569991.1207
482201.9686 7570034.5642
482265.5501 7570111.5458
482324.9469 7570192.0101
482318.8078 7570243.4029
482219.3254 7570253.6783
482135.6323 7570294.3876
482089.7592 7570380.7885
482061.0102 7570476.5798
482032.2612 7570572.3710
481940.4892 7570575.3593
481840.8473 7570566.7589
481779.5509 7570491.3626
481721.8784 7570409.6537
481664.2058 7570327.9448
481680.4772 7570230.7666
481700.5596 7570132.7913
481721.1792 7570034.9310
481716.1610 7569940.1528
481655.4692 7569866.0729
481569.5791 7569814.8512
481483.0431 7569764.7115
481390.9185 7569728.0266
481311.0501 7569768.7824
481238.1265 7569837.2267
481165.2029 7569905.6710
481070.2322 7569891.5539
480972.8952 7569868.5760
480885.9877 7569829.3724
480824.6635 7569750.3673
480763.3393 7569671.3621
480793.1657 7569599.4442
480860.5502 7569525.7166
480925.4093 7569449.5867
480977.5392 7569511.1768
481027.3456 7569597.9051
481118.6721 7569602.1328
481166.7154 7569514.4437
481200.3144 7569420.7458
481192.8372 7569321.0963
481167.8446 7569224.3155
481130.6578 7569131.4794
481087.1677 7569042.2401
481010.0338 7568978.6227
480928.9793 7568920.0339
480869.8732 7568849.7504
480866.4515 7568749.7966
480887.2585 7568659.7002
480952.1858 7568584.7893
481002.2722 7568498.2224
481050.7031 7568410.7590
481084.0329 7568318.0129
481073.3476 7568222.9571
481023.1893 7568136.4479
480971.4381 7568050.8659
480919.6869 7567965.2839
480919.8738 7567869.4118
480903.9209 7567771.9261
480873.2484 7567676.7921
480841.0793 7567582.0946
480855.2794 7567487.9194
480838.7160 7567392.7173
480754.0749 7567356.3046
480654.2073 7567354.8978
480556.5514 7567375.8605
480504.8277 7567459.9454
480474.7267 7567555.2495
480445.2056 7567650.8056
480398.9076 7567720.1709
480299.6968 7567707.5704
480202.7057 7567710.5872
480111.3045 7567750.7035
480016.2618 7567781.8381
479930.1817 7567800.3575
479928.3013 7567700.3628
479924.5126 7567600.5286
479909.6637 7567501.6247
479894.8147 7567402.7209
479891.5324 7567304.1411
479901.8854 7567205.6768
479873.9945 7567113.5733
479798.3725 7567054.9000
479702.5658 7567026.2026
479606.3145 7567022.9599
479551.1465 7567091.7842
479521.5010 7567187.3019
479488.2997 7567258.4485
479432.5979 7567175.3836
479376.8960 7567092.3187
479283.5597 7567097.3082
479218.1884 7567172.9988
479138.3649 7567193.4703
479043.5436 7567161.7442
478948.0669 7567131.9675
478852.5901 7567102.1907
478794.4225 7567030.1768
478721.9451 7566966.8171
478636.2954 7566915.1779
478684.2567 7566890.9308
478783.3164 7566877.1595
478882.3761 7566863.3883
478981.1392 7566847.6712
479075.6269 7566816.0743
479168.8396 7566779.8269
479261.9527 7566743.3249
479281.2542 7566647.3019
479232.5359 7566564.9149
479132.9814 7566574.4422
479033.6101 7566585.7472
478938.4067 7566588.4044
478885.3417 7566503.6307
478829.2505 7566421.4358
478751.7699 7566389.1318
478683.5272 7566458.4284
478625.2898 7566538.5855
478554.6529 7566609.3873
478527.5810 7566608.2885
478545.5804 7566510.3658
478547.5007 7566410.5044
478575.5812 7566322.2078
478606.7972 7566232.3329
478618.0224 7566132.9525
478688.3221 7566141.1072
478778.2194 7566184.9359
478853.3715 7566168.1369
478812.2743 7566081.8613
478762.5792 7565995.0692
478712.8841 7565908.2771
478671.7444 7565817.1504
478575.9826 7565793.1916
478476.4381 7565802.8548
478376.8937 7565812.5179
478279.6374 7565804.9901
478186.0862 7565769.6257
478092.5350 7565734.2612
478131.8661 7565676.6971
478186.6747 7565594.4559
478222.1259 7565500.9848
478257.0199 7565407.2571
478291.9139 7565313.5295
478240.7771 7565249.9076
478143.9146 7565238.9284
478046.3097 7565259.2603
477949.0801 7565282.6886
477851.8506 7565306.1169
477754.2040 7565317.0987
477655.6244 7565300.2310
477564.2720 7565309.1053
477566.1016 7565387.4751
477616.5736 7565473.8177
477542.3474 7565414.0598
477465.0053 7565350.6511
477387.2274 7565287.9774
477294.0957 7565253.2195
477194.5454 7565262.8222
477096.3279 7565275.6786
477045.5025 7565339.1519
477121.1423 7565404.5765
477197.9505 7565468.6309
477274.7587 7565532.6854
477353.7561 7565593.5432
477441.3108 7565641.8812
477529.1184 7565689.7592
477616.9260 7565737.6372
477689.5684 7565796.8941
477710.9866 7565894.5861
477670.8711 7565941.3637
477570.8966 7565938.6124
477471.3838 7565946.9707
477371.9823 7565958.0079
477301.1873 7565921.6296
477264.6013 7565828.5493
477207.0131 7565749.1065
477136.8682 7565677.8172
477057.6847 7565617.6056
476973.7694 7565563.1934
476884.5796 7565518.6636
476789.5010 7565488.4353
476707.6402 7565525.4601
476751.0201 7565612.3494
476814.7235 7565689.3627
476881.7030 7565763.6313
476948.7620 7565837.8308
476991.2047 7565925.9905
477062.3272 7565996.3045
477133.4497 7566066.6184
477169.5429 7566157.3962
477195.8638 7566253.8829
477281.6029 7566302.3851
477368.2804 7566352.2717
477454.8710 7566402.3172
477541.4615 7566452.3626
477443.6365 7566438.0523
477344.7096 7566423.3574
477251.8758 7566387.3323
477160.1136 7566347.5558
477068.3514 7566307.7793
477040.5830 7566215.5621
476964.1206 7566154.0580
476868.1932 7566125.8187
476801.5863 7566141.1064
476811.9847 7566239.6580
476837.9190 7566336.2493
476863.8534 7566432.8406
476889.8648 7566529.4111
476915.9722 7566625.9558
476942.0795 7566722.5005
476913.9732 7566752.5300
476853.6770 7566688.2888
476841.8720 7566589.2333
476815.1962 7566493.1307
476775.0098 7566401.7311
476719.8550 7566319.2324
476651.6965 7566246.0416
476583.5380 7566172.8508
476548.1868 7566086.9727
476549.3661 7565986.9673
476540.0745 7565887.9598
476508.3664 7565793.9157
476451.5207 7565713.2757
476381.2825 7565642.0783
476301.4495 7565583.9506
476212.4797 7565538.2685
476123.5099 7565492.5865
476028.3275 7565470.4770
475961.3848 7565543.7377
475982.2521 7565626.4813
476044.4627 7565704.7030
476108.6028 7565781.4397
476081.8103 7565836.5475
476073.8819 7565914.9683
476144.0521 7565984.3367
476218.8397 7566050.7392
476293.6273 7566117.1416
476274.8468 7566211.6795
476214.9724 7566255.0229
476116.4111 7566238.9499
476017.3470 7566252.6899
475918.2830 7566266.4298
475821.4527 7566288.6776
475740.4515 7566342.5099
475681.5689 7566422.7596
475631.4025 7566509.2801
475581.2360 7566595.8006
475507.6007 7566656.3876
475431.1664 7566713.0762
475385.4656 7566802.0363
475339.7647 7566890.9964
475308.3166 7566843.4340
475281.9754 7566746.9528
475259.9959 7566649.8300
475256.7355 7566549.8815
475247.5342 7566450.4754
475213.5906 7566361.8276
475124.6615 7566349.9963
475032.2044 7566388.1297
474939.7473 7566426.2630
474942.0494 7566373.4151
474983.9107 7566282.5850
474997.1512 7566184.2044
475005.5435 7566084.5448
475013.9358 7565984.8852
474965.8429 7565898.0414
474940.0807 7565831.4039
475035.1798 7565847.4745
475048.2529 7565790.5479
474976.5310 7565721.4554
474899.2745 7565657.9424
474822.0181 7565594.4293
474827.6078 7565499.5208
474843.3682 7565400.7581
474920.9099 7565427.7640
475008.7107 7565475.6544
475099.0992 7565487.7844
475184.0982 7565438.3895
475246.1147 7565361.8571
475283.6338 7565269.8227
475310.6459 7565173.5273
475337.6581 7565077.2318
475371.3202 7564983.1370
475379.0458 7564884.5006
475379.4075 7564784.4889
475324.1143 7564701.6337
475241.3392 7564646.2449
475178.0720 7564568.7869
475114.8049 7564491.3290
475051.5377 7564413.8710
474988.4820 7564336.2429
474922.9358 7564262.9961
474834.6548 7564242.3371
474877.1513 7564332.8718
474919.6478 7564423.4064
474962.1442 7564513.9410
474942.1242 7564595.6842
474876.3066 7564670.9869
474797.5804 7564724.5009
474730.5544 7564674.1076
474656.8514 7564683.1643
474583.6885 7564751.3528
474510.5257 7564819.5413
474440.5569 7564820.2372
474355.2704 7564771.5577
474283.8050 7564726.6950
474345.2833 7564647.8097
474401.6840 7564566.1788
474430.4678 7564470.7145
474433.6617 7564372.7964
474385.2698 7564287.6432
474309.4989 7564257.2272
474217.7715 7564270.7967
474160.4842 7564207.8052
474129.0978 7564112.8454
474079.0536 7564027.7386
473993.5875 7563989.0273
474001.1161 7564079.5207
474016.7995 7564178.2957
474027.3783 7564271.1993
473933.3754 7564240.1641
473896.0845 7564147.4026
473843.0004 7564064.3955
473767.6964 7564090.6310
473762.4214 7564185.6697
473793.9208 7564280.5921
473825.4201 7564375.5145
473846.9651 7564472.5926
473831.3878 7564567.5752
473776.7876 7564598.4291
473702.9716 7564530.9482
473663.7718 7564441.9719
473624.0127 7564350.4894
473580.4313 7564260.4720
473497.0293 7564242.5323
473415.9968 7564301.1515
473331.4809 7564353.7088
473240.7890 7564395.7958
473152.2378 7564442.2440
473064.9522 7564491.0670
472977.7889 7564540.1072
472915.1107 7564609.7941
472894.3308 7564706.8107
472885.7575 7564806.4549
472877.1842 7564906.0991
472869.2326 7565005.7930
472874.5831 7565104.8804
472891.8695 7565203.3871
472908.9026 7565301.9383
472925.9356 7565400.4896
472937.4885 7565499.6957
472944.1582 7565599.4854
472950.8280 7565699.2751
472912.0392 7565711.3757
472834.3357 7565648.4103
472771.7182 7565573.0032
472724.6955 7565484.7346
472677.6728 7565396.4661
472674.3377 7565305.0232
472708.1066 7565210.8843
472722.2284 7565113.5590
472687.5118 7565024.5956
472628.3948 7564943.9255
472575.3653 7564859.3444
472526.5643 7564772.0464
472488.5539 7564686.6105
472563.7898 7564620.7165
472639.0258 7564554.8225
472717.8238 7564494.1091
472803.1615 7564442.5172
472883.1635 7564382.4992
472963.1654 7564322.4813
473050.1104 7564276.4934
473144.0887 7564243.1338
473226.9749 7564189.6294
473282.4569 7564109.4750
473298.2896 7564012.8397
473275.6087 7563917.1586
473225.0015 7563831.6387
473148.1435 7563773.7760
473059.6963 7563786.0559
473008.2891 7563864.3547
472973.1546 7563957.7416
472932.6778 7564049.1970
472894.0671 7564077.0639
472848.8950 7563989.3203
472773.0106 7563989.0841
472688.9940 7564043.3397
472604.9773 7564097.5953
472634.2229 7564027.9367
472680.7287 7563939.3948
472739.6974 7563861.3425
472803.9109 7563788.6603
472843.2193 7563696.6975
472881.0355 7563604.1206
472916.3291 7563510.5506
472922.9944 7563416.6893
472873.7250 7563332.0481
472799.1166 7563265.8894
472718.4929 7563206.7093
472637.8692 7563147.5291
472551.2545 7563098.6991
472459.7809 7563058.2634
472363.1473 7563040.4895
472264.2364 7563052.7570
472165.3395 7563062.0723
472070.8215 7563074.3985
471986.0518 7563127.4698
471895.2770 7563145.1243
471798.0225 7563121.8322
471701.0727 7563097.2720
471604.1229 7563072.7117
471507.4731 7563074.6699
471411.5427 7563102.9169
471315.9603 7563132.3529
471222.1566 7563155.8294
471157.8354 7563079.2936
471083.6375 7563014.6530
470983.8105 7563010.9726
470884.2183 7563020.1305
470784.6261 7563029.2883
470697.4238 7563006.9303
470618.8593 7562953.1450
470520.1474 7562938.4173
470420.3536 7562931.8088
470320.5598 7562925.2004
470228.1096 7562896.1142
470143.6626 7562842.5308
470059.2157 7562788.9474
469981.4730 7562727.0142
469910.9115 7562656.1372
469840.3501 7562585.2602
469763.2673 7562522.3126
469671.8519 7562486.7311
469573.7277 7562467.3891
469475.6035 7562448.0471
469394.5035 7562397.4662
469325.0628 7562325.4908
469255.6221 7562253.5154
469233.1457 7562158.5963
469219.5218 7562059.5165
469205.9817 7561960.4249
469192.4416 7561861.3334
469240.7875 7561812.3077
469340.5218 7561804.8552
469440.2561 7561797.4028
469528.3657 7561771.2162
469566.3500 7561684.5402
469518.7540 7561602.4103
469418.8356 7561606.7428
469318.9171 7561611.0753
469218.9986 7561615.4077
469165.9531 7561686.3346
469136.4112 7561781.7163
469110.3600 7561878.2761
469084.3087 7561974.8360
469058.2575 7562071.3958
468972.9227 7562096.7227
468877.5378 7562125.1076
468783.1365 7562158.1359
468688.7353 7562191.1642
468619.4939 7562133.4571
468555.5821 7562056.5302
468499.4706 7561975.3054
468446.5296 7561920.2855
468349.6573 7561945.1497
468252.7850 7561970.0139
468166.4724 7561958.6493
468098.1304 7561885.6298
468029.7883 7561812.6104
467973.3319 7561731.4299
467929.7321 7561641.4213
467886.1324 7561551.4128
467842.5327 7561461.4043
467793.7677 7561374.2058
467712.0832 7561324.2464
467618.8437 7561288.0683
467525.6042 7561251.8901
467493.4684 7561163.7283
467472.6997 7561065.8962
467539.6880 7561022.1508
467636.4172 7560996.7354
467734.6823 7560978.4200
467833.2672 7560961.5831
467931.8522 7560944.7463
468008.6994 7560883.1942
468029.1712 7560786.0157
468016.6946 7560687.2463
467940.5240 7560623.3661
467845.9241 7560590.9111
467751.0863 7560559.2205
467654.8025 7560540.6297
467559.5463 7560555.7281
467468.3093 7560514.7613
467377.0723 7560473.7945
467285.8353 7560432.8277
467250.8419 7560358.3713
467258.3004 7560258.6375
467244.0381 7560161.4615
467202.7113 7560070.9887
467137.1792 7560071.5910
467081.4340 7560151.3391
467092.6328 7560076.5122
467110.9893 7559978.1989
467146.8172 7559890.9050
467149.9944 7559820.3937
467073.0630 7559759.0046
466983.2026 7559766.3087
466936.3577 7559691.8788
466896.4418 7559600.1772
466944.2505 7559520.8504
467007.9758 7559443.7689
467071.7011 7559366.6875
467135.4265 7559289.6060
467228.2751 7559325.4679
467322.1795 7559356.3295
467400.0621 7559317.3265
467421.7594 7559221.6538
467427.0555 7559121.8109
467419.7866 7559022.9699
467365.1687 7558946.2061
467278.3478 7558898.3538
467180.8788 7558884.4360
467080.8912 7558882.2141
466980.9035 7558879.9922
466880.9158 7558877.7703
466795.8559 7558921.6249
466744.9251 7559007.6976
466729.7195 7559104.7663
466723.4359 7559204.5811
466717.1523 7559304.3958
466690.4432 7559397.6073
466646.5681 7559486.9743
466610.3645 7559580.2040
466574.1609 7559673.4337
466537.9573 7559766.6633
466513.0720 7559863.2240
466518.2502 7559961.8522
466564.2460 7560048.3589
466621.4686 7560130.3835
466678.1870 7560212.6590
466711.2876 7560306.3701
466785.3829 7560373.4589
466866.4130 7560432.0813
466947.4431 7560490.7037
467026.3577 7560551.6898
467094.2342 7560625.1130
467162.5719 7560697.6998
467217.7485 7560781.1145
467272.9251 7560864.5292
467328.1017 7560947.9439
467358.0446 7561037.7868
467349.5026 7561137.4337
467340.9607 7561237.0806
467340.2610 7561336.7368
467348.5680 7561436.4035
467356.8751 7561536.0703
467403.9726 7561620.5107
467376.8411 7561702.6848
467321.4575 7561785.9622
467266.0738 7561869.2396
467210.6902 7561952.5170
467132.1640 7562012.7725
467122.2423 7562106.9683
467123.3821 7562206.9741
467118.1119 7562306.3086
467096.2748 7562403.9078
467082.4250 7562502.1976
467091.1150 7562601.6648
467108.5936 7562700.1359
467126.9856 7562798.4426
467145.3775 7562896.7493
467134.5174 7562989.0403
467078.8251 7563072.1116
467023.1327 7563155.1829
466967.4404 7563238.2541
466942.0328 7563330.9017
466969.4491 7563424.1854
467038.0455 7563491.6978
467128.7503 7563532.2029
467226.1651 7563543.4545
467325.8296 7563535.1201
467425.4940 7563526.7857
467525.1585 7563518.4513
467607.9215 7563557.7137
467683.0129 7563623.6755
467759.9948 7563687.5210
467836.9768 7563751.3665
467912.8242 7563816.5414
467987.9779 7563882.5293
468063.1315 7563948.5172
468141.0371 7564011.1454
468220.5338 7564071.8309
468300.0305 7564132.5165
468363.7665 7564207.8961
468418.7412 7564291.4440
468473.7159 7564374.9919
468539.1643 7564449.9564
468583.0088 7564536.7371
468612.0950 7564632.4265
468535.6225 7564609.0928
468444.0937 7564568.7821
468353.2899 7564527.4014
468281.5366 7564457.7699
468203.5502 7564395.1553
468125.5638 7564332.5407
468049.4210 7564268.2647
467995.2355 7564184.2029
467941.0499 7564100.1410
467889.2744 7564014.9067
467849.1635 7563928.9689
467755.6114 7563927.1793
467681.1205 7563993.9144
467597.3438 7564030.6319
467498.1821 7564017.6153
467399.0204 7564004.5988
467314.1879 7564013.7418
467282.0592 7564108.2620
467256.1228 7564201.8879
467294.4831 7564287.4962
467366.0910 7564357.3159
467437.6989 7564427.1355
467499.6996 7564499.8991
467479.5017 7564597.8507
467461.6391 7564696.0288
467462.6331 7564796.0362
467466.9814 7564895.5434
467495.2086 7564991.4898
467523.4357 7565087.4361
467553.9912 7565182.4575
467599.5034 7565271.5124
467646.5860 7565359.7450
467699.1564 7565444.0169
467775.5218 7565508.4485
467859.7885 7565561.9444
467951.5608 7565601.6975
468043.3331 7565641.4506
468125.7823 7565689.6749
468156.5861 7565784.8253
468187.3899 7565879.9757
468106.2294 7565905.4707
468007.2615 7565919.8873
467908.2937 7565934.3039
467810.1890 7565953.6591
467730.2587 7566011.8916
467673.7387 7566094.0516
467641.3695 7566188.4505
467651.5845 7566287.4611
467682.1483 7566382.6284
467713.3183 7566477.6595
467743.7956 7566572.5435
467676.6922 7566646.7028
467609.5888 7566720.8620
467540.5707 7566792.9018
467459.9941 7566852.1460
467379.4174 7566911.3902
467298.8408 7566970.6344
467234.4580 7567045.6876
467203.7204 7567139.8996
467259.3694 7567219.4757
467321.8095 7567297.6019
467384.2496 7567375.7281
467349.9637 7567453.2566
467286.5628 7567530.6052
467223.1620 7567607.9537
467138.9476 7567650.7495
467040.9318 7567670.6332
466942.9159 7567690.5169
466844.9001 7567710.4007
466798.8143 7567636.5682
466763.7092 7567542.9193
466728.6041 7567449.2705
466713.6853 7567358.5389
466757.3714 7567274.2945
466743.7979 7567175.2189
466721.1229 7567078.6619
466670.6404 7566992.9147
466597.3560 7566930.0525
466502.5937 7566929.5565
466427.4745 7566992.6282
466381.3511 7567080.7819
466350.8275 7567176.0225
466308.0354 7567264.3215
466242.1152 7567339.5345
466176.1950 7567414.7476
466110.2749 7567489.9606
466050.4098 7567569.9372
466033.4325 7567665.7097
466048.7598 7567763.9817
466059.1328 7567863.3242
466067.0468 7567963.0230
466078.2245 7568062.4025
466103.7494 7568158.9969
466167.6158 7568234.9562
466258.4810 7568276.0829
466350.1287 7568316.1224
466441.7765 7568356.1619
466501.3718 7568423.7781
466527.2816 7568520.3760
466586.0417 7568587.4381
466679.3504 7568623.4374
466772.6592 7568659.4366
466857.8295 7568706.6871
466922.1062 7568783.2853
466988.7954 7568857.8174
467061.0154 7568926.5309
467138.8296 7568989.3594
467216.6439 7569052.1878
467310.1602 7569052.2628
467408.3939 7569033.4848
467506.6275 7569014.7068
467599.7269 7569005.9411
467643.4511 7569095.6858
467703.5436 7569175.6317
467763.8508 7569255.4159
467824.1581 7569335.2000
467886.8298 7569412.6596
467967.8225 7569470.4351
468061.6818 7569501.6547
468159.5683 7569490.7684
468250.0541 7569448.1681
468340.5399 7569405.5678
468437.4736 7569421.8490
468535.0344 7569443.8571
468632.5952 7569465.8652
468716.8401 7569519.3354
468802.7983 7569570.4585
468888.7674 7569621.5641
468970.8242 7569677.3421
469041.1582 7569746.9189
469131.0648 7569789.2106
469227.5728 7569814.9923
469321.5619 7569849.1759
469415.5510 7569883.3596
469495.7822 7569935.7379
469595.1937 7569924.7916
469694.6052 7569913.8452
469793.9016 7569907.2930
469892.6248 7569918.3143
469991.4557 7569902.9870
470090.2865 7569887.6596
470173.7524 7569892.7767
470186.5147 7569991.9715
470199.2769 7570091.1662
470139.7690 7570151.7259
470050.1956 7570196.2127
470035.2846 7570289.2125
470111.1038 7570353.5500
470203.8246 7570390.8607
470300.7265 7570414.9474
470399.5527 7570430.3046
470498.3789 7570445.6618
470596.3541 7570465.7092
470694.2757 7570486.0523
470794.0529 7570482.6267
470894.0596 7570482.6270
470994.0717 7570482.8574
471094.0836 7570483.0788
471193.6278 7570477.3256
471278.4082 7570424.2714
471363.1886 7570371.2172
471449.7452 7570326.4651
471548.8118 7570340.1866
471647.9275 7570353.5217
471746.3982 7570356.6507
471841.7310 7570326.7632
471939.5475 7570305.9209
472037.3640 7570285.0787
472056.5516 7570341.5454
472034.0566 7570438.9951
472031.0003 7570538.2496
472067.2456 7570629.4370
472114.3342 7570717.6704
472135.4395 7570812.8636
472197.7063 7570886.1933
472277.5171 7570946.2963
472358.5073 7571004.9739
472439.4975 7571063.6515
472519.7253 7571123.3653
472606.4091 7571173.0386
472692.7848 7571223.4452
472778.9872 7571274.1563
472865.1896 7571324.8674
472944.5284 7571385.6291
473023.1323 7571447.4667
473102.8142 7571507.9064
473190.1422 7571556.4580
473280.9141 7571598.4037
473371.9397 7571639.8381
473462.9653 7571681.2725
473557.9343 7571712.4543
473653.2649 7571742.6957
473747.3939 7571775.3041
473829.4947 7571831.2628
473927.3583 7571850.3222
474027.1396 7571844.0402
474126.1398 7571829.8477
474224.8346 7571820.3566
474321.1659 7571847.2407
474417.4971 7571874.1247
474497.1218 7571920.7195
474539.4277 7572011.3434
474581.7337 7572101.9672
474585.8686 7572190.4620
474533.7472 7572275.8190
474450.1206 7572284.5630
474353.0299 7572260.5656
474255.9392 7572236.5683
474158.8475 7572212.5752
474061.6473 7572189.0272
473964.4020 7572165.6645
473867.1567 7572142.3017
473771.9377 7572112.0603
473677.5572 7572078.9728
473583.1766 7572045.8854
473492.1019 7572004.9232
473402.3853 7571960.7259
473312.6687 7571916.5286
473227.1404 7571864.9644
473143.2753 7571810.4748
473059.4103 7571755.9851
472988.8749 7571686.1851
472900.2800 7571648.3419
472803.1727 7571624.4120
472706.0654 7571600.4822
472616.4834 7571556.7362
472530.2706 7571506.0737
472444.3842 7571454.8291
472358.4979 7571403.5846
472281.7085 7571339.7206
472189.0990 7571303.2913
472094.9978 7571269.4174
472000.9870 7571235.4096
471934.3107 7571160.8660
471867.5886 7571086.3698
471790.8385 7571022.2621
471705.3743 7570970.3371
471613.5141 7570930.8067
471518.0193 7570901.0995
471420.6812 7570878.1726
471321.3178 7570866.7978
471221.9510 7570855.4556
471122.4296 7570845.5725
471023.3238 7570832.1373
470924.2179 7570818.7021
470829.9142 7570794.4996
470748.7071 7570741.9804
470649.0166 7570734.1088
470549.5590 7570723.5900
470454.1310 7570705.3840
470385.0809 7570634.4270
470294.4617 7570593.7939
470198.3107 7570592.8033
470112.3663 7570643.9505
470035.1649 7570669.9340
469984.2746 7570591.7434
469889.0044 7570571.2309
469789.8401 7570584.2274
469690.8381 7570596.1324
469599.7508 7570554.8340
469508.6634 7570513.5356
469417.5760 7570472.2371
469330.4046 7570424.3565
469243.4905 7570379.9102
469145.4392 7570360.2023
469047.3878 7570340.4943
468949.3365 7570320.7863
468873.1409 7570256.9664
468787.9651 7570204.6916
468694.8107 7570214.3253
468693.6454 7570307.5901
468750.1289 7570390.1255
468783.9565 7570455.5996
468689.0295 7570424.1142
468594.1024 7570392.6289
468498.3855 7570364.6811
468429.1829 7570370.4945
468495.7919 7570444.0959
468572.4113 7570508.3760
468649.0307 7570572.6562
468713.6207 7570647.9011
468770.5458 7570730.1325
468855.6156 7570749.1425
468948.7673 7570779.3875
469040.6008 7570818.9990
469132.4343 7570858.6105
469224.2679 7570898.2220
469259.5797 7570989.1332
469303.7088 7571078.8834
469338.3356 7571171.2256
469349.8548 7571269.7829
469397.6356 7571357.6434
469445.4163 7571445.5040
469493.1970 7571533.3645
469524.8379 7571486.8382
469550.4559 7571390.1625
469576.0738 7571293.4868
469655.4608 7571252.8244
469753.1027 7571231.1790
469806.0883 7571252.0404
469779.6564 7571348.4967
469753.2244 7571444.9530
469721.7171 7571539.8410
469689.1245 7571634.3936
469662.8131 7571730.1477
469658.2092 7571830.0540
469661.3056 7571929.0576
469693.2473 7572023.4699
469738.8351 7572112.4880
469788.7112 7572198.7602
469851.7640 7572276.3635
469926.9044 7572336.4606
470024.8498 7572353.1526
470124.8620 7572353.3518
470224.8741 7572353.5510
470259.0949 7572381.4366
470189.3184 7572453.0865
470119.6173 7572524.8097
470051.0644 7572557.0040
469985.1193 7572481.8128
469917.7147 7572407.9992
469846.4564 7572337.8228
469774.6418 7572268.2280
469697.3845 7572205.6798
469606.2740 7572166.8956
469509.2016 7572163.7962
469484.2047 7572224.4053
469512.3887 7572319.1426
469526.6395 7572418.1344
469540.8903 7572517.1263
469555.1410 7572616.1181
469598.4114 7572705.0047
469625.3315 7572800.4543
469646.0309 7572898.3011
469666.7304 7572996.1480
469692.7056 7573092.3599
469740.2759 7573179.2521
469802.8961 7573257.2340
469865.5163 7573335.2159
469912.2570 7573421.6822
469957.1764 7573509.4825
470030.9558 7573575.0770
470116.2976 7573625.5310
470212.5672 7573652.6353
470308.8368 7573679.7395
470405.1063 7573706.8437
470484.2610 7573762.7169
470570.3245 7573808.2755
470667.5763 7573831.1193
470765.5035 7573851.4353
470863.4306 7573871.7514
470939.6087 7573932.8640
471011.0590 7574002.8449
471082.5093 7574072.8258
471176.2690 7574103.8013
471272.8142 7574129.9065
471352.9556 7574181.7350
471436.7776 7574210.6239
471531.9492 7574183.7551
471624.0292 7574144.7199
471716.1092 7574105.6847
471813.0450 7574091.9001
471913.0354 7574093.9989
472005.9207 7574064.4865
472089.1060 7574009.5547
472169.4571 7573950.0049
472249.8082 7573890.4552
472332.6990 7573834.5596
472416.5222 7573780.0056
472508.5904 7573742.4509
472603.3281 7573710.4005
472698.0659 7573678.3501
472797.6420 7573685.8980
472897.3097 7573694.1945
472996.9578 7573702.7216
473096.6058 7573711.2516
473172.9997 7573764.5062
473237.2188 7573841.1768
473301.4379 7573917.8474
473266.5152 7573997.1680
473206.4838 7574077.1599
473174.6974 7574171.3225
473146.4610 7574267.2661
473107.6573 7574356.8159
473036.2286 7574426.8096
472966.2026 7574498.2156
472896.1765 7574569.6216
472817.5917 7574624.4496
472719.0474 7574641.4148
472622.2671 7574665.6504
472530.7214 7574705.1246
472444.1221 7574755.1550
472357.5228 7574805.1853
472274.6388 7574860.6217
472196.8932 7574923.5351
472117.7318 7574984.6137
472037.1603 7575043.8649
471956.5889 7575103.1162
471866.5719 7575143.9918
471771.4967 7575175.0266
471683.8494 7575221.5420
471610.8779 7575288.9269
471552.1469 7575369.4940
471508.9850 7575459.2829
471478.1522 7575554.2903
471450.6109 7575650.4357
471429.4174 7575748.0737
471433.5858 7575846.8190
471455.6447 7575944.2365
471491.4899 7576037.3089
471555.1918 7576112.0222
471622.4320 7576185.8090
471686.8493 7576262.3132
471751.2665 7576338.8174
471737.3666 7576428.6675
471701.9232 7576522.1888
471666.4799 7576615.7101
471610.1433 7576697.9916
471575.0196 7576791.2780
471542.1320 7576885.7284
471509.2444 7576980.1788
471482.6292 7577076.5685
471479.7902 7577176.3533
471495.7781 7577274.9807
471531.2880 7577368.3560
471573.4744 7577459.0235
471615.9913 7577549.5485
471658.5083 7577640.0735
471645.7416 7577738.6652
471630.8645 7577837.5649
471615.4743 7577936.3373
471582.4247 7578030.7310
471550.4408 7578125.4773
471527.8418 7578222.8824
471516.4788 7578322.2450
471508.9043 7578421.9672
471505.5266 7578521.9225
471502.8457 7578621.8241
471524.3713 7578719.0452
471572.7222 7578806.5932
471621.0732 7578894.1413
471668.0917 7578982.3397
471708.2460 7579073.9088
471754.8870 7579162.2758
471814.5188 7579241.5948
471893.7801 7579302.5876
471973.0414 7579363.5803
472046.4524 7579429.9795
472101.0141 7579513.7977
472155.5759 7579597.6159
472201.9041 7579685.0909
472229.2725 7579781.2418
472261.0296 7579876.0783
472292.7868 7579970.9147
472313.7946 7580067.3327
472310.6975 7580167.2970
472307.6003 7580267.2614
472301.3779 7580366.9720
472288.3054 7580466.1263
472277.1438 7580565.4749
472280.4640 7580664.3412
472315.0671 7580756.7929
472370.6836 7580839.9056
472424.6519 7580923.9754
472473.3320 7581011.3408
472522.0120 7581098.7062
472583.2545 7581176.9719
472651.0919 7581250.4603
472724.2304 7581318.6575
472814.9717 7581360.3857
472909.5837 7581356.8239
472954.2112 7581267.3206
472998.8387 7581177.8172
473055.1162 7581184.5689
473140.4406 7581206.9938
473238.3627 7581187.1516
473335.7182 7581164.2521
473433.0736 7581141.3526
473528.9204 7581112.9329
473624.3901 7581083.1334
473719.8598 7581053.3340
473819.1370 7581048.4587
473918.9849 7581043.1904
474017.5282 7581026.7076
474094.3683 7580966.0596
474163.6162 7580893.9291
474232.2511 7580821.1849
474299.4899 7580747.1525
474366.4905 7580672.9003
474433.4912 7580598.6482
474512.6973 7580537.9938
474593.7278 7580479.3719
474666.4492 7580410.8936
474737.9308 7580340.9447
474809.4125 7580270.9959
474863.9794 7580187.5516
474917.6190 7580103.1420
474971.4118 7580018.8283
475025.2046 7579934.5145
475079.2340 7579850.3522
475135.9971 7579768.0160
475193.0559 7579685.8773
475250.1147 7579603.7386
475284.4668 7579509.9473
475289.5343 7579410.1448
475294.0511 7579310.2345
475298.2435 7579210.3276
475291.6299 7579110.5341
475285.0163 7579010.7407
475278.8362 7578910.9488
475286.1550 7578811.2046
475293.2560 7578711.4511
475294.0855 7578611.4506
475290.5234 7578511.5017
475286.9614 7578411.5528
475304.9567 7578317.6893
475359.4383 7578233.8287
475412.5134 7578149.0614
475465.5885 7578064.2940
475517.2494 7577978.6801
475566.8875 7577891.8554
475616.5256 7577805.0308
475682.2416 7577732.8265
475745.8395 7577658.8466
475792.7341 7577570.5324
475830.6746 7577478.2734
475855.2796 7577381.5773
475873.0880 7577283.1664
475887.2858 7577184.2011
475898.1171 7577084.7816
475908.1219 7576985.2709
475918.1267 7576885.7603
475946.9639 7576791.4661
475989.5851 7576700.9901
476032.2063 7576610.5141
476107.3433 7576552.7270
476198.0442 7576510.5866
476288.7451 7576468.4462
476375.2055 7576500.2711
476460.4960 7576552.5013
476545.7865 7576604.7316
476558.7638 7576697.8253
476559.5025 7576797.8349
476556.0272 7576896.7409
476506.3608 7576983.5494
476456.6944 7577070.3579
476407.3330 7577157.3332
476361.6241 7577246.2670
476321.4624 7577337.8613
476283.5273 7577430.1445
476264.9435 7577528.4151
476246.3596 7577626.6857
476225.3797 7577724.2668
476188.8952 7577817.3870
476152.4108 7577910.5071
476111.7009 7578001.0509
476045.6324 7578076.1337
475979.5639 7578151.2165
475912.6586 7578225.5202
475843.8508 7578298.0154
475780.2946 7578375.2342
475717.5950 7578453.1524
475654.8955 7578531.0705
475598.4030 7578612.5975
475562.6384 7578705.9804
475538.6498 7578801.7841
475546.5498 7578901.1420
475569.3136 7578998.5204
475613.0419 7579068.5505
475712.5806 7579058.8287
475812.1193 7579049.1069
475900.3284 7579007.2379
475983.9675 7578952.4021
476067.6065 7578897.5662
476164.0219 7578879.3483
476263.6197 7578870.2515
476362.2991 7578872.1323
476459.0013 7578897.6503
476557.0887 7578909.7960
476656.6809 7578901.4130
476754.9741 7578883.8185
476852.1579 7578860.2012
476949.3417 7578836.5839
477043.7646 7578845.7663
477135.6331 7578885.2968
477227.5015 7578924.8273
477262.4286 7579001.0613
477260.4954 7579101.0550
477205.3608 7579096.0571
477180.6167 7579192.9602
477155.8726 7579289.8632
477129.9135 7579386.4349
477107.2009 7579483.6062
477093.3205 7579582.6473
477100.2685 7579679.2133
477138.4344 7579771.6569
477176.6003 7579864.1006
477166.2043 7579956.3026
477127.1200 7580048.3617
477088.0357 7580140.4209
477015.8279 7580206.4140
476935.5395 7580266.0484
476855.2512 7580325.6828
476799.2189 7580406.2780
476825.7764 7580497.5138
476919.7140 7580531.8385
477013.6517 7580566.1632
476962.5701 7580640.5981
476959.5127 7580739.3008
477004.1086 7580828.7722
477048.8884 7580918.1995
476987.5152 7580977.0161
476899.4532 7581024.3848
476811.0317 7581071.1193
476722.6102 7581117.8538
476630.0061 7581144.8711
476530.2259 7581138.0602
476430.4458 7581131.2494
476330.6656 7581124.4385
476230.9166 7581117.2001
476147.7587 7581148.5255
476094.2034 7581231.9563
476052.8500 7581323.0187
476006.3471 7581408.7001
475917.2822 7581450.9418
475858.7781 7581531.7147
475816.5393 7581622.2907
475790.2338 7581717.3448
475811.1413 7581810.0317
475893.7994 7581862.8553
475990.2706 7581889.2330
475963.9980 7581969.4247
476002.1856 7582060.4195
476083.5349 7582117.3074
476174.8479 7582158.0215
476264.3281 7582202.6956
476353.8082 7582247.3696
476443.2884 7582292.0437
476501.9440 7582355.4581
476516.3423 7582451.7760
476561.6258 7582540.9493
476606.9093 7582630.1226
476605.9551 7582729.0102
476590.1184 7582827.7247
476573.5968 7582926.3629
476556.9260 7583024.9754
476592.4754 7583091.4806
476681.7151 7583078.8568
476765.0345 7583023.5364
476853.3693 7582977.0423
476922.4014 7582995.4631
476967.0827 7583084.9397
477015.4271 7583172.3790
477067.8689 7583257.5396
477120.3107 7583342.7002
477089.1354 7583404.8964
477004.3576 7583457.9140
476919.8638 7583511.4236
476820.3341 7583514.2115
476721.7908 7583531.0983
476623.2856 7583548.3961
476524.7805 7583565.6938
476431.1798 7583600.4365
476402.5814 7583686.2611
476466.7797 7583757.2353
476561.3533 7583789.7668
476655.9269 7583822.2983
476697.9778 7583867.2929
476628.1023 7583938.8462
476634.0459 7584012.9351
476707.7338 7584079.6340
476793.2461 7584130.7733
476879.3056 7584181.4055
476962.9693 7584236.2038
476947.5872 7584272.7696
476860.2707 7584316.2027
476832.2530 7584402.7443
476835.3205 7584502.4528
476852.5691 7584600.9665
476869.8176 7584699.4803
476925.0794 7584775.3213
477003.5627 7584837.3120
477081.3233 7584900.2006
477158.6606 7584963.6152
477245.3937 7585011.8525
477334.7161 7585056.7559
477423.2774 7585103.2249
477404.3973 7585108.2180
477307.5837 7585083.1263
477210.7701 7585058.0346
477123.7167 7585011.5073
477038.4392 7584959.3780
476947.5643 7584918.1278
476854.7842 7584880.7873
476762.0040 7584843.4468
476664.0653 7584826.2195
476605.4861 7584889.3518
476674.4675 7584961.7635
476741.6907 7585035.8142
476808.9140 7585109.8649
476865.8463 7585188.3036
476872.7407 7585288.0780
476879.6350 7585387.8524
476833.7408 7585444.5553
476734.6124 7585457.8230
476638.2418 7585456.8345
476551.1338 7585407.6960
476463.7653 7585359.0215
476376.3967 7585310.3471
476335.4150 7585245.8124
476374.6932 7585153.8358
476414.2487 7585066.8334
476463.5100 7585153.8724
476512.7713 7585240.9115
476554.0476 7585330.6479
476587.8501 7585416.0162
476677.9230 7585457.2843
476768.2289 7585449.6388
476810.8895 7585369.6946
476796.1270 7585271.4438
476757.4929 7585180.2081
476698.2826 7585099.9790
476632.5239 7585024.6248
476566.7651 7584949.2706
476481.4974 7584898.6411
476384.4596 7584908.2628
476287.7518 7584933.6073
476191.2799 7584959.9825
476094.8081 7584986.3577
476000.0958 7585008.0590
475935.4207 7584941.4329
475842.4201 7584956.0233
475768.4448 7585023.3295
475694.4695 7585090.6357
475613.6985 7585142.7322
475514.2074 7585152.9299
475414.7164 7585163.1276
475315.2253 7585173.3253
475215.6561 7585170.3833
475116.0204 7585161.7130
475017.8735 7585142.8730
474919.9320 7585122.6261
474899.9422 7585211.9943
474950.3086 7585296.5778
474962.3173 7585395.8666
474974.3260 7585495.1554
474986.3347 7585594.4442
474943.3518 7585671.5236
474978.7286 7585730.1798
475073.2313 7585754.4848
475168.6096 7585782.8309
475254.5575 7585833.5785
475339.5641 7585886.2695
475424.5707 7585938.9606
475496.6152 7586002.1347
475539.3811 7586090.7050
475608.5260 7586162.9647
475685.1549 7586203.5710
475749.8686 7586134.5907
475799.8792 7586047.9801
475849.8898 7585961.3694
475948.7173 7585963.8458
476039.5778 7585971.6064
475966.0159 7586039.3642
475892.4540 7586107.1220
475851.8447 7586191.3433
475857.5612 7586290.4405
475842.3781 7586363.5920
475742.4060 7586365.9755
475642.5159 7586370.9194
475542.6258 7586375.8633
475523.6811 7586419.0610
475588.6959 7586494.7397
475658.8538 7586566.0163
475737.3295 7586626.6001
475823.6748 7586677.0675
475902.4268 7586735.3229
475960.6639 7586815.4559
476043.9886 7586861.8522
476143.5700 7586855.7541
476242.2746 7586839.6338
476340.9793 7586823.5134
476440.1492 7586815.7884
476540.0308 7586820.9021
476639.9123 7586826.0158
476650.4375 7586874.9236
476593.2879 7586956.9991
476641.3285 7587033.6498
476733.9767 7587067.7313
476829.4561 7587097.4998
476927.1087 7587090.3905
476984.0718 7587028.4338
477081.2973 7587051.8789
477178.5228 7587075.3239
477276.4693 7587088.9724
477372.0800 7587067.2023
477459.0955 7587017.8994
477549.3693 7586976.7428
477646.3834 7586952.4378
477743.3975 7586928.1327
477833.7126 7586941.0686
477916.1752 7586997.6583
478005.4551 7587039.6005
478102.6944 7587041.9646
478200.7005 7587022.0332
478298.7004 7587002.0709
478393.3986 7586971.5349
478487.1870 7586937.1190
478582.4200 7586906.5715
478676.9335 7586877.4138
478706.9645 7586972.8109
478737.8780 7587067.8856
478780.3255 7587157.3261
478857.8451 7587220.2412
478943.3971 7587272.0420
479029.8042 7587322.2290
479120.7099 7587363.9259
479211.6155 7587405.6227
479296.7553 7587454.3530
479355.4719 7587535.3149
479414.1885 7587616.2768
479466.6802 7587700.2773
479500.0768 7587793.7433
479559.2523 7587873.8661
479630.8600 7587943.6861
479702.4676 7588013.5060
479786.6038 7588060.2973
479883.8797 7588083.5073
479980.8987 7588107.7930
480077.9176 7588132.0787
480170.8662 7588167.8416
480248.5155 7588132.5902
480324.6252 7588067.7807
480401.7404 7588004.0961
480481.0815 7587943.6936
480561.5634 7587887.7311
480610.0862 7587801.2690
480639.1297 7587705.5702
480669.4993 7587610.2803
480699.8688 7587514.9904
480735.8389 7587422.2220
480787.0470 7587336.3139
480838.2552 7587250.4058
480899.5916 7587174.9924
480987.2640 7587126.8674
481074.9365 7587078.7423
481166.6700 7587042.0593
481265.0646 7587024.1438
481363.4592 7587006.2282
481461.8591 7586988.3415
481560.0337 7586969.3192
481599.3675 7586937.8412
481501.1564 7586956.7371
481402.9453 7586975.6329
481304.7003 7586994.3468
481206.2740 7587012.0872
481107.9031 7587030.1196
481010.5329 7587052.1757
480915.7812 7587082.4367
480883.9518 7587040.9918
480919.3365 7586947.4625
480950.0485 7586852.3401
480976.0471 7586755.7794
481000.4853 7586658.7988
481024.9236 7586561.8182
481048.8506 7586464.7116
481070.6493 7586367.1178
481083.5463 7586268.2118
481089.1972 7586168.3592
481094.8482 7586068.5066
481111.9152 7585970.6145
481139.9002 7585874.5972
481167.8851 7585778.5800
481219.2220 7585695.3562
481270.4612 7585610.5741
481322.7241 7585525.7837
481381.0090 7585444.5105
481439.2940 7585363.2373
481531.4574 7585325.8467
481623.6685 7585287.1267
481715.8379 7585248.3032
481806.4597 7585248.3117
481899.5777 7585262.7733
481979.8118 7585213.9438
482009.7881 7585123.2064
482015.6603 7585023.3666
482022.5335 7584923.5941
482030.0815 7584823.8670
482037.6295 7584724.1398
482100.0022 7584733.1375
482184.6761 7584786.3616
482219.2607 7584864.1089
482209.3699 7584963.6310
482200.5062 7585063.2456
482205.1689 7585162.5185
482237.9971 7585255.5017
482306.1884 7585324.4715
482399.8553 7585346.2997
482499.2693 7585337.5730
482598.5318 7585325.8339
482698.5042 7585323.0099
482750.9313 7585382.0171
482795.2420 7585470.0592
482849.1295 7585554.2989
482902.0949 7585639.1348
482955.0603 7585723.9708
482994.2335 7585815.6576
483047.9192 7585899.7046
483104.0596 7585982.4736
483147.5342 7586067.6093
483125.0687 7586165.0658
483102.6031 7586262.5223
483073.7351 7586357.2535
483026.3047 7586443.9244
483009.5704 7586542.4746
482997.7098 7586641.7811
482985.8493 7586741.0877
482949.4198 7586829.0546
482881.5439 7586902.5075
482813.6679 7586975.9604
482776.9446 7587065.2613
482751.0473 7587159.6892
482676.3076 7587226.1311
482599.8221 7587290.5704
482523.3365 7587355.0098
482439.8103 7587375.2615
482347.0857 7587337.7832
482254.3611 7587300.3049
482178.1536 7587241.9249
482120.2542 7587160.3765
482062.3548 7587078.8282
482020.3001 7586989.7769
481993.9039 7586893.3108
481936.8747 7586817.7549
481848.9954 7586826.9243
481804.2997 7586910.8840
481863.2608 7586980.9621
481940.3432 7587044.6758
482017.7338 7587108.0254
482090.1735 7587173.2960
482075.7641 7587272.2649
482061.3548 7587371.2338
482034.5177 7587466.9065
481997.9858 7587560.0080
481961.4538 7587653.1095
481928.4859 7587747.4741
481902.3610 7587843.9423
481894.9832 7587942.7443
481914.8445 7588039.8710
481945.6521 7588135.0202
481976.4597 7588230.1694
481964.9251 7588325.7946
481917.5705 7588412.9150
481862.7384 7588496.5565
481785.8864 7588547.4422
481687.7344 7588566.6428
481589.5825 7588585.8435
481495.7114 7588618.0468
481414.4256 7588674.4379
481334.0861 7588733.2517
481248.7485 7588785.4050
481163.4109 7588837.5583
481066.7825 7588820.1221
480969.3331 7588797.6257
480871.8838 7588775.1292
480773.4728 7588757.3343
480675.0056 7588739.8223
480575.8079 7588727.1273
480562.0868 7588739.5313
480658.4820 7588766.1854
480754.3147 7588794.7190
480849.5027 7588825.4063
480944.6907 7588856.0937
480970.4367 7588925.3193
480946.1173 7589022.3299
480921.2717 7589119.0470
480851.5295 7589190.7302
480782.7746 7589263.0358
480755.9268 7589356.8590
480796.4024 7589446.9595
480870.6152 7589513.5256
480955.9228 7589565.7278
481041.2305 7589617.9300
481121.4220 7589676.1149
481190.0445 7589748.2349
481272.2095 7589804.8234
481359.8678 7589852.8743
481444.9089 7589905.5096
481529.9500 7589958.1449
481586.8078 7590030.7678
481634.7106 7590111.2539
481720.6377 7590161.0857
481814.1407 7590196.3392
481910.1168 7590224.2358
482007.1685 7590248.3901
482104.2203 7590272.5444
482197.3774 7590306.9842
482286.5338 7590352.2886
482376.2000 7590396.5882
482467.2360 7590437.8477
482559.8206 7590475.6704
482652.4052 7590513.4931
482737.8662 7590563.4140
482827.5589 7590599.4908
482926.3819 7590614.8691
483022.1181 7590641.8825
483115.5679 7590677.5140
483209.0177 7590713.1454
483300.2002 7590754.0482
483390.3364 7590797.3832
483480.4727 7590840.7183
483531.2829 7590921.4405
483570.0093 7591013.6508
483608.7357 7591105.8611
483648.4165 7591197.6633
483687.5192 7591289.7137
483726.4486 7591381.8385
483770.7208 7591466.8233
483869.8326 7591474.2016
483966.9594 7591450.3510
484064.0862 7591426.5003
484155.1451 7591442.9250
484247.8554 7591475.4493
484342.4519 7591460.3822
484433.6471 7591419.3225
484525.4073 7591385.9131
484621.6443 7591413.1325
484717.8814 7591440.3519
484813.7034 7591468.8012
484907.1006 7591504.4654
485002.8220 7591533.4461
485098.9013 7591560.9481
485197.2816 7591578.9422
485295.6619 7591596.9362
485394.1946 7591613.9012
485493.5664 7591625.2018
485592.9327 7591636.5512
485692.2990 7591647.9006
485791.7476 7591654.7678
485888.6845 7591637.4749
485977.0877 7591590.7058
486065.4909 7591543.9368
486155.1559 7591499.9056
486241.8154 7591453.5505
486312.0263 7591382.3273
486382.6987 7591311.5609
486453.3710 7591240.7945
486523.9798 7591169.9647
486583.0313 7591090.8524
486627.2362 7591001.1396
486679.8962 7590921.2735
486771.1140 7590884.2079
486835.1644 7590809.3870
486869.8950 7590715.6633
486898.5400 7590619.8409
486927.1849 7590524.0185
486956.5540 7590428.4224
486979.9724 7590331.8501
486987.1800 7590232.0978
486994.3875 7590132.3455
486997.2996 7590032.5538
486991.9255 7589932.6859
486986.5515 7589832.8181
487028.6272 7589747.8753
487057.6957 7589654.9160
487073.4178 7589556.1472
487089.1399 7589457.3783
487084.8232 7589358.0264
487091.5287 7589258.6178
487102.7630 7589159.2384
487129.1333 7589072.3220
487224.5095 7589042.2245
487319.8857 7589012.1271
487415.9599 7588984.9287
487507.9898 7588955.9500
487510.1493 7588890.3663
487423.3524 7588841.5731
487331.7802 7588801.3610
487240.2081 7588761.1489
487154.4700 7588710.8724
487070.0392 7588657.7236
486982.0937 7588610.0995
486894.1482 7588562.4753
486833.9261 7588490.3782
486797.5808 7588397.2037
486761.2356 7588304.0292
486738.0408 7588207.1334
486718.9941 7588108.9542
486699.5028 7588010.8596
486680.0114 7587912.7649
486703.5346 7587817.7666
486736.8745 7587723.4749
486764.8621 7587627.4924
486792.0868 7587531.2569
486819.3817 7587435.0412
486846.6765 7587338.8255
486921.0112 7587277.2465
487004.7864 7587222.6189
487088.5617 7587167.9913
487147.4850 7587087.3270
487186.0494 7586995.0695
487224.4675 7586902.7304
487262.9097 7586810.4051
487323.7092 7586730.9955
487384.4207 7586651.5268
487434.7634 7586565.1110
487480.5800 7586476.2104
487526.5263 7586387.3850
487580.8923 7586303.4398
487635.2583 7586219.4945
487692.6529 7586139.5304
487788.0624 7586109.5387
487883.4719 7586079.5470
487979.2198 7586054.6470
488077.7593 7586071.7474
488176.2989 7586088.8478
488261.5910 7586134.5723
488334.0320 7586203.3641
488404.1108 7586274.7184
488474.1896 7586346.0727
488478.4634 7586437.9275
488461.3097 7586536.4578
488444.1559 7586634.9881
488399.9077 7586723.8993
488351.0912 7586811.1885
488302.2746 7586898.4778
488254.4906 7586986.3354
488206.8529 7587074.2736
488159.2152 7587162.2117
488103.7679 7587245.3875
488048.7324 7587328.8936
487993.8537 7587412.5045
487945.1283 7587499.8106
487903.9501 7587590.9168
487863.5352 7587682.3996
487855.9321 7587781.4988
487851.9155 7587881.4305
487833.7413 7587979.7087
487814.6219 7588077.8765
487824.7094 7588176.7872
487867.6383 7588267.1175
487910.5672 7588357.4479
487945.3180 7588449.0348
487931.4840 7588548.0857
487917.9141 7588647.1712
487906.4968 7588746.5170
487899.9548 7588846.2779
487899.8094 7588946.2902
487899.6639 7589046.3024
487899.5676 7589146.3147
487899.7303 7589246.3269
487899.8931 7589346.3391
487893.1618 7589445.1983
487860.4639 7589539.7145
487824.3245 7589632.6861
487775.4376 7589719.9360
487726.5508 7589807.1859
487703.0807 7589898.1685
487724.8169 7589995.7903
487746.5532 7590093.4120
487740.2749 7590191.9940
487748.3433 7590290.8606
487761.1838 7590390.0371
487773.3297 7590489.3092
487785.4756 7590588.5813
487815.5551 7590683.5333
487849.9468 7590777.4464
487884.3386 7590871.3595
487891.9971 7590970.4526
487948.5167 7591051.4251
488009.2198 7591130.9085
488063.8228 7591211.7348
488043.4393 7591309.5592
488058.2982 7591394.3086
488153.3077 7591425.5441
488246.4854 7591460.3854
488329.9358 7591514.8882
488421.1047 7591556.0063
488512.2737 7591597.1243
488495.6636 7591688.4589
488471.3950 7591785.4791
488447.3195 7591882.5504
488401.3712 7591967.7714
488365.4099 7592054.4110
488428.3140 7592099.5706
488522.2388 7592077.3637
488584.7152 7592004.2482
488635.9206 7591918.3385
488687.1259 7591832.4288
488733.9151 7591744.1706
488709.1448 7591647.6715
488644.8181 7591571.0911
488580.4914 7591494.5108
488556.4007 7591432.9841
488655.1967 7591417.4333
488753.9927 7591401.8825
488841.2328 7591426.8404
488916.9547 7591492.1755
488992.6765 7591557.5106
489062.5587 7591628.7808
489129.1137 7591703.4327
489195.6687 7591778.0846
489180.2725 7591864.9058
489138.2818 7591955.6761
489096.2912 7592046.4465
489068.6973 7592139.4966
489080.5894 7592238.7994
489088.8603 7592338.3134
489088.5912 7592438.3254
489120.5400 7592526.9975
489183.3923 7592604.7925
489258.4879 7592669.8073
489338.9069 7592729.2653
489426.1779 7592777.7337
489518.2884 7592754.8165
489568.5945 7592672.5412
489611.1060 7592582.0136
489653.6175 7592491.4860
489705.0978 7592405.8142
489757.6630 7592320.7296
489810.2281 7592235.6451
489872.0796 7592163.6989
489953.9701 7592126.1329
489976.9260 7592029.2578
489939.9781 7591936.3498
489889.4165 7591850.1379
489822.0714 7591776.2326
489746.4029 7591710.8363
489669.8480 7591646.4794
489593.2930 7591582.1225
489554.3082 7591520.3198
489638.8688 7591466.9159
489723.4294 7591413.5121
489817.7774 7591402.5950
489917.1801 7591413.6207
490016.5828 7591424.6465
490102.7403 7591380.5734
490186.2707 7591325.5721
490274.5656 7591287.2465
490374.5449 7591289.8170
490474.3519 7591288.1857
490572.8573 7591272.4900
490669.4304 7591246.4879
490766.0034 7591220.4857
490859.6134 7591226.4119
490949.7520 7591269.7420
491039.8906 7591313.0722
491128.9435 7591358.5221
491222.4923 7591385.4823
491315.7994 7591363.0755
491400.3645 7591309.7511
491483.3689 7591253.9592
491551.4250 7591249.9266
491587.1069 7591274.7550
491642.5296 7591191.5037
491697.9523 7591108.2523
491786.1811 7591102.9178
491884.4605 7591121.4547
491976.0571 7591160.0184
492065.7740 7591204.2152
492145.3809 7591259.3933
492196.8279 7591345.1585
492248.2749 7591430.9238
492285.1575 7591521.3551
492314.6639 7591610.8339
492393.4207 7591671.0019
492481.5884 7591718.2135
492574.7304 7591752.4036
492671.9191 7591776.0011
492769.1077 7591799.5986
492856.8073 7591839.1742
492924.0356 7591913.2203
492965.2662 7591999.5371
493007.9141 7592083.9831
493096.5325 7592113.7535
493186.5526 7592080.9976
493250.9671 7592007.2001
493292.5122 7591916.7807
493303.5672 7591818.9782
493275.4730 7591724.9949
493210.8695 7591651.4286
493126.0468 7591599.6012
493029.6766 7591584.3328
492935.5892 7591612.6874
492838.2640 7591630.6121
492738.6616 7591639.6588
492639.0593 7591648.7055
492540.3662 7591650.9126
492446.5869 7591616.1577
492352.8076 7591581.4027
492352.0946 7591502.4315
492384.3911 7591407.7774
492412.7746 7591311.9028
492431.9698 7591213.8442
492448.9739 7591115.2880
492472.5087 7591024.4376
492572.5192 7591023.8237
492672.5206 7591022.7881
492767.8007 7591008.2376
492793.0858 7590930.0351
492752.5564 7590838.6451
492715.0320 7590745.9392
492677.5077 7590653.2332
492702.9039 7590593.1499
492800.2928 7590570.3929
492897.6817 7590547.6360
492996.0645 7590563.0934
493094.5046 7590580.7570
493085.0901 7590596.5548
492986.0978 7590610.8029
492887.1977 7590625.4805
492792.4776 7590654.9259
492795.0176 7590720.9369
492890.4453 7590750.4388
492988.0171 7590772.2037
493086.2246 7590791.1180
493184.4321 7590810.0323
493197.6675 7590896.5005
493247.6818 7590980.3545
493344.0953 7590983.8364
493443.9212 7590977.7314
493543.7470 7590971.6264
493643.5729 7590965.5214
493733.5376 7591003.8956
493821.4298 7591051.6180
493909.3220 7591099.3404
494008.4303 7591108.2971
494108.2259 7591114.8780
494208.2262 7591115.7400
494308.2369 7591116.3126
494408.1238 7591117.8458
494505.0885 7591140.8936
494603.2120 7591122.8398
494690.3623 7591076.5669
494736.6462 7590987.9178
494774.1772 7590896.5734
494757.4543 7590801.6339
494685.7717 7590731.8911
494614.0890 7590662.1483
494545.6058 7590589.7411
494489.9889 7590506.6193
494434.3720 7590423.4975
494397.4284 7590335.2300
494378.6769 7590243.0715
494311.1976 7590169.7775
494235.6046 7590104.2933
494160.0117 7590038.8092
494091.0941 7589967.1563
494031.1024 7589887.1406
493961.8792 7589816.1674
493882.2635 7589755.6380
493797.5424 7589703.6354
493727.6230 7589639.2742
493678.9719 7589551.8926
493630.3208 7589464.5111
493581.6697 7589377.1295
493630.9380 7589311.4626
493711.9673 7589252.8391
493719.8680 7589159.3993
493695.6043 7589062.7165
493672.1004 7588965.5230
493649.3667 7588868.1287
493626.6330 7588770.7344
493628.5524 7588671.1200
493610.1856 7588573.1333
493589.1058 7588475.3677
493568.0259 7588377.6021
493561.2789 7588277.8930
493533.1286 7588182.1071
493489.7171 7588092.0874
493439.8441 7588005.4122
493380.6650 7587924.8334
493307.2622 7587856.9207
493234.0012 7587788.8473
493163.3715 7587718.0383
493092.7418 7587647.2292
493028.2319 7587573.5217
493018.1943 7587474.0143
493008.1566 7587374.5070
493004.1776 7587275.3373
493025.2128 7587177.5621
493046.2480 7587079.7869
493073.6604 7586984.3427
493113.0545 7586893.4186
493130.8578 7586795.0036
493156.4040 7586732.7988
493221.6981 7586795.8286
493294.5489 7586755.2903
493295.4234 7586658.4816
493247.9113 7586572.6252
493180.6964 7586498.5669
493113.4815 7586424.5086
493048.3737 7586348.6484
492982.0954 7586273.9199
492908.5995 7586206.2808
492830.7655 7586143.4883
492752.1406 7586081.6774
492672.3261 7586021.4457
492583.4938 7585979.3642
492486.8543 7585953.6180
492390.3764 7585927.2649
492293.8985 7585900.9119
492265.8152 7585819.5260
492197.1304 7585758.8317
492121.7289 7585693.3825
492047.3198 7585626.5561
492003.6064 7585549.3883
492011.2992 7585450.9364
491976.5668 7585361.6791
491908.0739 7585288.8012
491834.5058 7585221.7787
491752.6384 7585164.3312
491670.7711 7585106.8838
491593.6330 7585043.9001
491524.0985 7584972.0153
491454.5640 7584900.1305
491383.4555 7584829.8595
491309.7569 7584762.2508
491235.9025 7584694.8119
491162.0481 7584627.3730
491094.5845 7584554.3161
491037.1677 7584472.4273
490979.7508 7584390.5385
490976.7233 7584301.6144
490977.8605 7584205.4687
490925.5454 7584123.6042
490851.5353 7584056.7131
490765.5580 7584006.7680
490671.5123 7583973.5654
490575.7018 7583944.8805
490479.8914 7583916.1957
490450.1169 7583826.8703
490429.6827 7583728.9677
490422.8824 7583646.9344
490516.5884 7583681.8865
490610.2944 7583716.8387
490683.7652 7583778.2140
490746.0545 7583856.3276
490820.0867 7583922.6953
490900.8713 7583981.6517
490981.9992 7584040.1388
491065.5011 7584095.0633
491151.6056 7584145.9194
491240.3181 7584191.9629
491330.4104 7584235.3892
491420.5027 7584278.8156
491485.5793 7584349.5932
491546.1504 7584428.7618
491608.2302 7584507.1287
491668.9336 7584586.6118
491729.6369 7584666.0949
491789.2086 7584746.4250
491859.8656 7584816.5611
491950.5567 7584854.1241
492047.1516 7584880.0235
492143.9038 7584905.3508
492240.6560 7584930.6782
492314.1639 7584994.8290
492382.1804 7585068.1518
492450.1968 7585141.4746
492504.7325 7585225.0723
492563.1040 7585306.2435
492630.8835 7585379.6679
492711.6672 7585438.2773
492797.4180 7585489.6979
492892.6719 7585519.0708
492989.0432 7585545.8111
493083.4309 7585576.8151
493165.1468 7585634.3855
493242.1314 7585698.2279
493319.1160 7585762.0702
493390.1658 7585830.9990
493441.4751 7585916.8467
493492.7844 7586002.6944
493544.9430 7586088.0098
493603.2187 7586168.9297
493672.0804 7586241.4592
493740.9422 7586313.9887
493802.2866 7586391.8086
493849.5678 7586479.8588
493911.4854 7586555.8811
493994.1608 7586612.1594
494072.1075 7586674.0257
494141.2883 7586746.2510
494210.4690 7586818.4763
494274.4169 7586894.9981
494347.3000 7586957.6487
494439.5889 7586996.1874
494531.8778 7587034.7261
494608.3850 7587008.8320
494672.4170 7586932.0051
494736.4490 7586855.1782
494804.8383 7586782.3731
494875.8838 7586711.9830
494946.6378 7586641.2981
495017.3918 7586570.6133
495090.2791 7586502.1778
495164.6038 7586435.2575
495244.1345 7586375.0096
495327.1190 7586319.1881
495410.1035 7586263.3666
495494.8046 7586285.8546
495580.1554 7586337.9862
495652.6012 7586405.8733
495720.5224 7586479.2843
495783.6748 7586554.4120
495778.1279 7586654.2704
495772.5810 7586754.1288
495751.8091 7586849.4206
495708.9004 7586939.3167
495674.8420 7587033.3512
495640.7835 7587127.3857
495593.9288 7587214.8305
495537.1590 7587297.1692
495480.3892 7587379.5079
495429.3520 7587465.3260
495382.1301 7587553.4874
495334.6329 7587641.5014
495287.1356 7587729.5155
495231.7380 7587812.4170
495170.9055 7587891.8014
495110.0731 7587971.1858
495047.8452 7588049.4674
494985.3386 7588127.5371
494929.6623 7588210.3729
494896.6603 7588303.4044
494897.0228 7588402.0469
494918.8261 7588499.4229
494945.6529 7588595.7702
494972.4797 7588692.1174
494910.9582 7588760.9009
494834.1046 7588824.9009
494757.2511 7588888.9009
494675.9123 7588947.0422
494604.6191 7589016.9718
494571.1542 7589110.2094
494599.0660 7589204.9182
494631.3826 7589299.5655
494588.2283 7589365.9096
494566.9569 7589448.0919
494627.7451 7589525.5438
494693.9008 7589600.5498
494760.0565 7589675.5557
494842.6030 7589731.5394
494926.5630 7589785.8828
495001.1396 7589846.3702
495019.5102 7589944.5338
495051.8901 7590039.1261
495088.8972 7590132.0397
495125.9044 7590224.9534
495165.1595 7590316.9307
495242.1642 7590377.7771
495325.0695 7590433.7163
495399.0942 7590497.8393
495446.7266 7590585.7426
495490.5358 7590675.6493
495534.3451 7590765.5561
495565.4715 7590858.5136
495567.3423 7590958.5084
495569.2132 7591058.5033
495567.7568 7591158.3868
495559.2061 7591258.0330
495550.6553 7591357.6791
495539.7211 7591457.0311
495523.7846 7591555.7655
495511.1916 7591654.8627
495507.0437 7591754.7669
495505.9211 7591854.7730
495504.7984 7591954.7790
495489.8083 7592051.7483
495449.0325 7592143.0708
495408.2568 7592234.3934
495354.9216 7592316.8166
495282.2791 7592385.5592
495209.6367 7592454.3018
495195.1590 7592534.2432
495263.5989 7592602.4957
495346.4848 7592658.4636
495429.3707 7592714.4314
495519.3291 7592757.1892
495612.5779 7592793.3243
495705.9840 7592829.0698
495799.3530 7592864.9128
495892.7219 7592900.7557
495826.5416 7592935.3366
495732.6174 7592969.6980
495636.7624 7592989.6930
495537.7339 7592991.2338
495458.3587 7593035.7165
495414.6722 7593125.6829
495370.9857 7593215.6494
495326.7129 7593305.3250
495281.5076 7593394.5379
495236.3023 7593483.7509
495170.4355 7593555.3504
495103.7261 7593627.9164
495100.5703 7593719.0225
495128.4436 7593815.0722
495156.3170 7593911.1219
495193.8007 7593988.6646
495292.2849 7594006.0809
495390.7692 7594023.4971
495489.7357 7594033.8211
495589.6712 7594029.8996
495689.3306 7594022.6431
495788.5510 7594010.0816
495887.7713 7593997.5202
495981.9751 7593969.9497
496068.2621 7593919.3987
496134.2520 7593850.7411
496127.1730 7593762.4036
496073.3114 7593678.1339
496019.4497 7593593.8641
496022.4620 7593502.7127
496044.9222 7593405.5120
496045.4433 7593306.2260
496036.2573 7593206.6405
496014.4369 7593109.4072
495986.8269 7593013.2814
495959.2169 7592917.1557
496050.6326 7592878.3971
496143.0261 7592840.1098
496236.0547 7592805.5386
496335.8252 7592809.1450
496434.1821 7592791.7422
496528.9592 7592759.8082
496623.7362 7592727.8743
496718.8137 7592701.8667
496816.3338 7592724.0545
496913.8539 7592746.2424
497007.9491 7592777.9724
497101.8713 7592798.6467
497198.3593 7592775.7834
497292.1084 7592740.9470
497385.8575 7592706.1105
497469.6006 7592730.0340
497546.5361 7592793.9355
497623.4716 7592857.8370
497702.8900 7592918.5699
497783.3362 7592977.9911
497865.9804 7593034.2665
497959.1913 7593067.4814
498057.7727 7593064.2376
498156.9578 7593051.4012
498256.1430 7593038.5649
498347.5912 7592998.7824
498415.8455 7592926.3594
498388.8312 7592832.9898
498407.0337 7592734.6479
498451.9580 7592671.3684
498551.6063 7592679.8942
498651.2546 7592688.4200
498746.6717 7592710.8915
498835.7700 7592756.0808
498930.7179 7592780.3592
499030.7049 7592778.4903
499130.6567 7592775.0119
499230.6086 7592771.5336
499330.5604 7592768.0553
499424.6206 7592769.5208
499479.1605 7592694.4270
499468.3386 7592595.5873
499444.0417 7592498.5711
499419.7449 7592401.5550
499395.4481 7592304.5388
499399.9952 7592208.1598
499423.3030 7592111.0260
499442.5058 7592012.8747
499461.9153 7591914.7639
499481.3249 7591816.6530
499507.7023 7591720.3753
499539.0878 7591625.4152
499570.4732 7591530.4551
499646.0658 7591506.5752
499745.1162 7591520.4130
499844.2655 7591533.3629
499943.9328 7591541.6637
500043.6001 7591549.9645
500099.0733 7591601.1876
500104.4612 7591701.0547
500109.8492 7591800.9218
500095.7137 7591898.6774
500069.0976 7591995.0830
500042.4815 7592091.4887
500008.6131 7592185.4235
499985.2836 7592282.1118
499968.9755 7592380.7856
499952.6674 7592479.4594
499935.0257 7592577.9017
499932.5927 7592677.7007
499932.5153 7592777.7130
499931.8553 7592877.5821
499885.5396 7592966.2236
499839.3458 7593054.9220
499801.1772 7593147.3646
499764.2090 7593239.9211
499789.6388 7593333.6807
499881.2440 7593372.6997
499980.3221 7593386.3347
500079.5084 7593399.1622
500178.6948 7593411.9898
500277.1033 7593427.7678
500369.7252 7593465.4991
500462.3472 7593503.2304
500552.4046 7593544.8677
500623.8487 7593614.8549
500695.2928 7593684.8421
500766.7369 7593754.8293
500828.7618 7593830.8687
500862.7280 7593924.9366
500841.3937 7593991.5495
500745.9269 7594021.3582
500651.4843 7594054.1180
500599.2027 7594125.2290
500616.9716 7594218.3901
500694.5077 7594262.5377
500788.8395 7594241.1121
500871.2578 7594186.1129
500919.0624 7594102.5131
500939.0478 7594004.9348
500952.0556 7593905.7720
500995.8620 7593820.7715
501062.6745 7593746.3500
501129.4871 7593671.9285
501196.2996 7593597.5071
501227.8725 7593505.3242
501238.2159 7593406.0040
501245.4352 7593306.2526
501252.6546 7593206.5012
501289.3596 7593115.0889
501335.4543 7593026.3322
501382.6000 7592938.1310
501429.9672 7592850.0468
501477.3344 7592761.9627
501574.1785 7592785.4290
501671.2652 7592809.4424
501761.0090 7592844.4246
501818.8957 7592925.9212
501871.6002 7593010.9195
501924.3046 7593095.9178
501961.5736 7593184.6260
501953.2530 7593284.2916
501942.9006 7593383.7111
501927.1779 7593482.4798
501911.4551 7593581.2486
501903.0058 7593680.2436
501908.3441 7593779.9209
501904.5757 7593879.8622
501900.8072 7593979.8036
501883.0300 7594077.0599
501873.4877 7594173.3449
501924.5254 7594248.6437
502011.2861 7594298.3469
502099.1017 7594346.2101
502186.9174 7594394.0733
502279.7005 7594428.9352
502377.4015 7594450.2571
502476.1880 7594465.0759
502575.6822 7594475.2435
502675.1764 7594485.4110
502773.5380 7594502.3286
502872.2977 7594514.2966
502972.2808 7594516.7146
503072.2639 7594519.1325
503172.1143 7594516.1965
503271.6015 7594506.2358
503370.8810 7594494.1509
503470.1606 7594482.0660
503569.6386 7594471.8778
503669.2689 7594463.1441
503768.8992 7594454.4104
503867.6906 7594461.9698
503965.7893 7594481.4355
504063.8140 7594501.2754
504161.8388 7594521.1152
504260.1549 7594539.4202
504359.6278 7594546.0853
504458.9476 7594536.9272
504557.9639 7594522.8515
504657.0130 7594509.0041
504756.0621 7594495.1567
504841.0158 7594542.7822
504938.3795 7594561.9377
505037.2075 7594577.2477
505136.8165 7594585.5162
505234.6745 7594606.1628
505332.5325 7594626.8095
505426.4050 7594656.8016
505513.6621 7594698.4362
505613.5235 7594702.3063
505713.1072 7594711.5563
505812.6908 7594720.8063
505882.0942 7594780.5274
505969.7251 7594806.2839
506069.1271 7594797.3790
506168.3896 7594785.1548
506267.6521 7594772.9307
506320.9663 7594850.5102
506369.1262 7594938.1634
506427.3889 7595015.3087
506517.2218 7595059.2482
506608.0277 7595101.1618
506644.6816 7595131.6346
506545.2368 7595138.3855
506450.0122 7595166.2941
506360.6690 7595211.2416
506289.9064 7595273.6063
506273.1396 7595368.2663
506309.3119 7595458.0881
506383.1651 7595523.1345
506469.4805 7595573.6531
506555.7958 7595624.1717
506649.9419 7595650.2555
506746.5220 7595673.7202
506841.3701 7595705.4426
506936.2182 7595737.1650
507031.9816 7595765.9753
507125.9835 7595741.0916
507219.6103 7595705.9278
507313.2370 7595670.7639
507410.3931 7595647.2350
507507.7774 7595624.4584
507582.8704 7595661.9949
507642.0342 7595742.6306
507701.1980 7595823.2663
507754.7207 7595907.5843
507835.5178 7595946.4192
507912.7170 7595882.9507
507978.9561 7595808.0220