475757.8881 7582980.8651
475757.2822 7582880.5529
475756.6762 7582780.2406
475700.8558 7582725.6584
475617.1733 7582677.6797
475557.4226 7582598.3191
475506.7134 7582511.7657
475485.4935 7582414.9009
475400.3622 7582382.5822
475301.1625 7582397.4546
475201.9620 7582412.3601
475102.7615 7582427.2655
475008.6977 7582422.1754
474923.4526 7582379.6918
474830.8192 7582404.1713
474762.0209 7582476.2616
474706.6634 7582559.9184
474661.2470 7582647.6835
474660.0608 7582744.0702
474709.9662 7582829.1785
474776.4862 7582903.5873
474831.4994 7582987.4709
474886.5126 7583071.3545
474941.5258 7583155.2382
474983.7421 7583245.9066
475056.3053 7583310.5345
475129.0546 7583260.9538
475199.5934 7583189.6293
475260.4344 7583110.8576
475322.3700 7583032.8109
475391.9741 7582960.5739
475461.5782 7582888.3369
475531.1823 7582816.0999
475603.6488 7582853.4247
475676.9299 7582921.9287
475757.8881 7582980.8651