491103.6265 7570925.8283
491126.8274 7570838.3164
491057.6672 7570763.1339
490988.5070 7570687.9514
490920.2158 7570612.4673
490927.6850 7570510.6171
490911.0558 7570409.8252
490894.4266 7570309.0332
490875.4896 7570208.8679
490826.4184 7570124.7211
490743.2747 7570117.4672
490681.2841 7570198.4695
490624.4946 7570283.3841
490567.7052 7570368.2988
490522.2232 7570457.0392
490526.2243 7570557.1808
490579.4601 7570637.8228
490672.0434 7570680.4899
490761.0896 7570730.5531
490850.1357 7570780.6164
490939.1819 7570830.6796
491003.6935 7570908.6920
491103.6265 7570925.8283