490784.4372 7592830.4805
490688.2043 7592810.6116
490610.3794 7592867.5007
490583.7757 7592960.4403
490561.5980 7593056.1676
490539.4204 7593151.8948
490496.4025 7593226.8447
490400.7428 7593249.3122
490305.8322 7593274.3672
490215.9974 7593312.5252
490173.9751 7593378.5073
490218.4226 7593466.0237
490277.4981 7593542.5648
490359.4442 7593596.0085
490448.5645 7593637.3836
490538.0223 7593651.9738
490627.0024 7593610.2967
490716.6586 7593570.0809
490808.7633 7593536.8146
490856.5864 7593471.6404
490853.6207 7593374.0575
490840.7586 7593276.6403
490827.8964 7593179.2231
490818.4888 7593082.5037
490864.8592 7592997.0027
490854.4423 7592899.4359
490784.4372 7592830.4805