497105.0401 7593595.1309
497183.0613 7593657.0451
497269.4868 7593706.2930
497363.9787 7593737.4759
497462.2464 7593754.4335
497560.5142 7593771.3911
497655.7919 7593795.9109
497739.0853 7593850.7408
497822.3788 7593905.5707
497884.3529 7593976.7590
497915.7540 7594071.4061
497947.1551 7594166.0532
497978.5562 7594260.7004
498012.1474 7594354.5649
498019.3893 7594450.6918
497969.8414 7594495.4020
497873.1488 7594471.5550
497775.0167 7594467.8645
497676.9200 7594485.7732
497581.8339 7594513.3631
497511.8354 7594574.4282
497536.6333 7594646.1856
497629.7535 7594667.1922
497729.2807 7594660.9923
497828.8079 7594654.7925
497925.5693 7594669.4347
498020.0348 7594701.3782
498116.3182 7594726.4326
498194.8627 7594690.0636
498259.5185 7594614.1444
498313.5790 7594530.9282
498359.4413 7594442.3835
498405.0749 7594353.7173
498454.0495 7594267.3172
498496.8972 7594194.3704
498421.1490 7594130.0648
498355.7581 7594054.7778
498290.3671 7593979.4908
498224.9761 7593904.2038
498178.3475 7593817.7574
498108.2313 7593753.9809
498024.1005 7593700.5004
497940.8140 7593645.6601
497857.5274 7593590.8198
497773.7622 7593536.7149
497679.7695 7593504.7972
497581.4422 7593488.8723
497482.1985 7593479.2689
497382.7600 7593485.0347
497288.9922 7593518.0818
497196.9770 7593556.5082
497105.0401 7593595.1309