516502.0066 7538869.3040
516399.7536 7539038.2273
516359.7190 7539232.1976
516319.6845 7539426.1680
516279.6499 7539620.1383
516143.6039 7539732.2385
515958.4685 7539802.5023
515890.1148 7539970.4245
516037.6203 7540102.5810
516187.7604 7540231.7522
516337.9005 7540360.9234
516516.1639 7540422.0740
516533.1039 7540235.9844
516539.3615 7540038.0246
516545.6190 7539840.0647
516553.4513 7539642.6619
516673.0487 7539484.7894
516781.7022 7539319.4399
516783.5227 7539125.8855
516671.0958 7538968.7537
516502.0066 7538869.3040