520695.0814 7540951.8155
520507.3309 7540880.4724
520319.5805 7540809.1294
520133.8680 7540735.1485
520017.4454 7540571.4847
519897.0903 7540412.0090
519722.7849 7540338.2396
519532.7419 7540403.2297
519342.6989 7540468.2198
519149.8106 7540522.0464
518951.8442 7540555.9489
518753.6735 7540587.1527
518553.3567 7540587.9440
518358.2172 7540635.4902
518190.7523 7540703.2466
518213.8268 7540901.7171
518271.9816 7541092.8401
518286.5928 7541293.1563
518301.2040 7541493.4725
518315.8152 7541693.7887
518234.4679 7541863.3159
518350.4647 7542009.5855
518550.0657 7541987.2358
518749.6667 7541964.8860
518949.2677 7541942.5363
519145.2098 7541960.4935
519342.9863 7541984.2093
519542.3636 7541984.9595
519700.1714 7541861.2196
519872.9794 7541758.8601
520045.7874 7541656.5007
520205.0517 7541534.7945
520360.3685 7541407.4495
520515.6853 7541280.1045
520666.8207 7541147.8340
520695.0814 7540951.8155