542796.3379 7580435.9561
542815.9693 7580634.0492
542906.8510 7580813.2884
542998.9284 7580991.9171
543091.0058 7581170.5458
543184.9633 7581348.1457
543288.3611 7581520.3744
543400.7816 7581686.9519
543513.2021 7581853.5295
543645.7174 7582001.7157
543801.7118 7582128.4130
543957.7061 7582255.1104
544108.5341 7582387.8104
544257.0479 7582523.1991
544405.5617 7582658.5879
544549.9199 7582798.3782
544726.1015 7582893.1712
544906.0117 7582982.7189
545086.1238 7583071.8260
545272.3558 7583146.3646
545470.6653 7583178.7711
545670.5029 7583199.8015
545871.1751 7583209.7169
546072.0977 7583205.7465
546272.9525 7583199.1286
546473.1635 7583187.8513
546668.2864 7583139.7521
546863.4092 7583091.6530
547057.0076 7583069.0327
547247.8131 7583119.8144
547440.8632 7583079.9724
547614.5452 7582978.8733
547785.7998 7582874.4994
547934.6647 7582739.7115
548097.7916 7582622.3400
548260.9185 7582504.9685
548420.8212 7582383.4117
548572.1602 7582251.3560
548718.3598 7582113.4715
548864.5595 7581975.5871
549010.7592 7581837.7027
549178.7301 7581737.1747
549370.7649 7581677.9372
549541.4638 7581721.4026
549709.9988 7581828.1021
549882.5521 7581796.2479
549994.5592 7581639.8205
550047.0262 7581446.8982
550082.7177 7581249.1296
549975.8688 7581141.6624
549777.7757 7581114.5994
549576.9556 7581107.8365
549384.5082 7581150.2745
549197.9860 7581225.0805
549001.1587 7581253.9005
548803.6574 7581224.4836
548607.0849 7581182.7019
548410.5124 7581140.9202
548218.9356 7581095.5770
548243.5267 7580896.1234
548268.1178 7580696.6698
548292.7090 7580497.2163
548369.1506 7580350.1378
548451.8794 7580265.8635
548325.2804 7580121.4828
548131.6158 7580110.6496
547931.9580 7580133.5236
547732.3002 7580156.3976
547532.6424 7580179.2716
547341.4054 7580126.5765
547254.5640 7580274.0840
547187.9885 7580463.6998
547121.4130 7580653.3156
547054.8376 7580842.9315
546868.5177 7580816.7503
546672.3954 7580772.9038
546476.2731 7580729.0574
546279.1944 7580689.7407
546081.2710 7580654.9222
545883.3287 7580620.2043
545685.3865 7580585.4865
545492.0038 7580530.8116
545298.6237 7580476.1254
545105.3055 7580421.2376
544914.3526 7580358.8569
544715.7330 7580329.6186
544515.3043 7580344.2749
544314.8613 7580358.7334
544114.4183 7580373.1919
543938.9071 7580300.2981
543776.2933 7580182.2167
543594.9252 7580100.3371
543397.6340 7580070.6412
543197.1416 7580056.8842
543116.6114 7580192.1753
543087.9123 7580391.0121
543096.4418 7580591.7948
542975.2253 7580524.2441
542796.3379 7580435.9561