548996.0164 7549957.6631
548948.8348 7550152.7437
548958.3674 7550353.2455
548991.6892 7550551.2095
549026.5167 7550748.5747
549141.2008 7550911.7261
549327.5190 7550986.1788
549521.9867 7551036.0022
549716.4544 7551085.8256
549889.8941 7551153.6866
549909.5389 7551353.4718
549934.1553 7551552.4194
549989.0950 7551744.6673
550089.4484 7551916.6064
550235.3916 7552054.2457
550391.5432 7552180.4073
550547.6948 7552306.5689
550703.8635 7552432.7091
550863.7671 7552553.4161
551037.6805 7552653.6866
551211.5940 7552753.9571
551377.0175 7552864.9254
551517.1605 7553008.4514
551665.4405 7553143.7052
551808.3223 7553284.7189
551951.2040 7553425.7326
552069.4271 7553582.6953
552165.6629 7553753.6922
552321.7135 7553877.1628
552504.0816 7553958.9359
552698.4878 7554006.7761
552897.5775 7554032.0376
553093.4750 7554017.9902
553266.6146 7553924.1671
553415.9734 7553790.0329
553565.3323 7553655.8986
553715.2792 7553522.4261
553860.8990 7553384.4994
553999.8466 7553239.6076
554140.4027 7553096.2981
554282.9787 7552954.9752
554425.5546 7552813.6524
554542.3173 7552652.3772
554655.1106 7552486.6700
554774.8318 7552325.5276
554901.2130 7552181.8743
555097.0397 7552209.7473
555279.2258 7552134.3997
555358.1464 7551966.0692
555309.7865 7551772.1299
555234.4216 7551586.0649
555159.0566 7551399.9999
555104.7013 7551209.3189
555095.1289 7551008.7985
555085.5565 7550808.2781
555080.3620 7550607.6855
555083.3165 7550406.9585
555086.2709 7550206.2316
555083.0639 7550005.6760
555069.1480 7549805.4104
555055.5762 7549605.1209
555042.0044 7549404.8315
555029.4776 7549204.4786
555013.1033 7549004.5286
554981.5601 7548806.4239
554928.5347 7548613.4278
554848.7610 7548429.5284
554741.8876 7548261.0288
554586.4655 7548147.2617
554394.1110 7548144.0432
554201.9074 7548201.9899
554009.7038 7548259.9367
553812.5887 7548280.2303
553611.9519 7548273.5256
553411.8892 7548283.8036
553212.1630 7548304.0398
553016.3049 7548345.1905
552939.5791 7548512.3391
552891.0928 7548707.1444
552842.6064 7548901.9498
552721.2822 7549059.8166
552592.7663 7549214.0363
552464.2503 7549368.2559
552265.6980 7549371.2967
552064.9564 7549369.6116
551864.5489 7549364.8362
551667.8655 7549324.8993
551468.5688 7549303.3959
551270.2211 7549325.6266
551085.2074 7549403.5367
550900.1936 7549481.4467
550719.0605 7549566.5006
550552.9966 7549679.2961
550386.9327 7549792.0917
550213.7767 7549887.2003
550015.7893 7549920.3821
549817.7004 7549933.9810
549619.3797 7549902.8528
549421.0590 7549871.7245
549271.4894 7549750.6747
549093.0608 7549783.0567
548996.0164 7549957.6631