407865.5845 7524961.8852
407786.2821 7525022.7652
407740.9189 7525108.6063
407706.4309 7525202.4456
407671.9430 7525296.2850
407617.0994 7525371.8834
407573.0424 7525440.8025
407558.7975 7525537.2414
407526.2851 7525631.7834
407493.7726 7525726.3254
407461.2602 7525820.8673
407392.5669 7525893.4272
407340.2799 7525976.3047
407317.0259 7526072.7264
407337.6709 7526165.2561
407388.7424 7526251.2035
407416.1368 7526335.3494
407355.1315 7526414.3339
407309.0870 7526502.3327
407299.5595 7526597.9542
407336.1803 7526690.9819
407392.1214 7526768.0807
407479.0027 7526817.3512
407567.7760 7526863.3353
407657.4850 7526907.4429
407747.6328 7526950.6706
407844.8905 7526964.9722
407944.7866 7526962.8505
408044.5843 7526956.9686
408139.5197 7526928.5782
408232.7583 7526892.4977
408325.9970 7526856.4172
408405.6064 7526899.3855
408481.3792 7526964.6062
408527.9511 7527049.8034
408580.8834 7527133.5257
408645.1868 7527210.0119
408710.9894 7527285.2799
408787.5309 7527348.9722
408882.7795 7527369.1323
408982.3632 7527377.9832
409081.9469 7527386.8340
409180.7078 7527372.0230
409279.4362 7527356.2765
409372.8103 7527346.1497
409361.8545 7527445.5238
409350.8988 7527544.8980
409297.2096 7527621.1132
409235.7695 7527698.4157
409183.0730 7527783.3765
409130.3766 7527868.3373
409064.1612 7527942.2341
408991.3001 7528010.6922
408985.1110 7528099.2549
409007.3474 7528196.7265
409029.4748 7528294.2233
408943.4116 7528339.7046
408853.4457 7528383.3095
408764.6679 7528429.1898
408719.0740 7528517.7983
408714.1262 7528617.6520
408714.3912 7528715.3699
408795.2703 7528735.1203
408882.4714 7528686.7365
408961.2309 7528625.7046
409034.4533 7528557.6331
409107.6757 7528489.5616
409197.7254 7528471.8618
409297.1599 7528482.2551
409396.5945 7528492.6484
409461.1484 7528559.1035
409514.4070 7528643.7130
409563.4308 7528730.8105
409611.4100 7528818.5216
409659.3892 7528906.2327
409661.1847 7529004.6275
409656.5985 7529104.4985
409652.0124 7529204.3694
409620.3007 7529298.7620
409586.6978 7529392.9214
409618.3020 7529483.7196
409714.2515 7529511.8075
409810.2011 7529539.8954
409902.2139 7529574.2431
409969.0935 7529648.5558
410035.9731 7529722.8684
410092.2106 7529802.2223
410107.3467 7529901.0461
410122.4828 7529999.8699
410130.2004 7530098.6757
410112.3971 7530196.9742
410087.7115 7530293.8549
410063.0259 7530390.7356
410021.9585 7530478.3059
409951.3545 7530549.0895
409880.7505 7530619.8732
409811.1652 7530691.6470
409764.7374 7530777.8978
409731.3609 7530872.1383
409697.9844 7530966.3787
409705.5422 7531063.2208
409726.7190 7531160.9284
409759.1509 7531255.4325
409792.6016 7531349.6467
409826.3635 7531443.7347
409867.8928 7531534.6774
409909.4221 7531625.6200
409945.9551 7531715.9737
409884.4174 7531794.7669
409822.8797 7531873.5600
409745.9985 7531932.8513
409660.4720 7531983.5921
409594.7742 7532056.5072
409542.1260 7532141.4978
409489.4777 7532226.4885
409415.5940 7532293.3575
409339.9399 7532358.7158
409264.2858 7532424.0741
409216.8881 7532498.3322
409283.0415 7532551.1454
409370.8144 7532520.1843
409455.9153 7532467.7504
409541.4296 7532415.9572
409626.9440 7532364.1639
409712.7411 7532313.1502
409811.5629 7532298.0073
409909.9434 7532280.2392
410009.0285 7532266.9205
410108.1136 7532253.6018
410195.4221 7532258.4230
410223.5832 7532354.3511
410251.7443 7532450.2792
410239.7425 7532546.2171
410211.6286 7532642.1591
410183.5147 7532738.1010
410120.8628 7532812.2226
410046.2916 7532878.8138
409971.7205 7532945.4051
409882.8642 7532988.6622
409789.6448 7533024.7922
409726.4935 7533098.0316
409666.9127 7533178.2826
409606.6298 7533258.0399
409549.0349 7533338.3969
409576.6832 7533431.6855
409660.0644 7533484.8360
409758.1786 7533502.0393
409858.1231 7533499.5186
409958.0675 7533496.9980
410031.0280 7533514.5695
409999.9638 7533609.5972
409968.8996 7533704.6249
409942.7208 7533801.0098
409978.9904 7533881.5292
410066.6891 7533923.7704
410163.3125 7533949.3475
410261.7234 7533966.2769
410360.7556 7533979.9840
410459.7877 7533993.6910
410520.1910 7534061.0736
410564.6396 7534150.6257
410596.6620 7534240.7499
410560.6311 7534334.0077
410524.6001 7534427.2655
410489.3326 7534520.8119
410544.5337 7534587.6021
410625.1242 7534646.7664
410705.1924 7534706.6343
410785.1395 7534766.6651
410865.0867 7534826.6959
410908.4816 7534916.0619
410993.0703 7534968.0956
411086.1031 7535004.7037
411179.1359 7535041.3117
411271.9504 7535078.3975
411360.1708 7535125.3361
411441.4069 7535183.6108
411522.6430 7535241.8856
411597.7185 7535306.4340
411659.2416 7535385.1591
411725.5064 7535460.0136
411788.8672 7535536.9417
411842.5129 7535621.3063
411896.1586 7535705.6709
411908.4891 7535796.8672
411884.8568 7535894.0102
411861.2245 7535991.1532
411833.0245 7536086.9708
411806.1425 7536183.1401
411798.1775 7536281.9044
411806.5858 7536381.4543
411818.2971 7536480.7422
411830.0083 7536580.0302
411781.6419 7536653.4985
411701.5457 7536713.3303
411621.4495 7536773.1621
411529.4230 7536809.7352
411461.8775 7536879.7416
411401.9616 7536959.7717
411353.6351 7537047.1170
411360.8925 7537144.4557
411382.5743 7537242.0229
411475.7182 7537265.2802
411574.1072 7537283.0244
411670.8284 7537304.1060
411744.0879 7537372.1376
411817.6266 7537439.8526
411895.6515 7537501.7362
411988.8086 7537537.7414
412086.3029 7537559.8798
412183.7972 7537582.0183
412275.3559 7537611.6853
412319.6332 7537701.3222
412365.1573 7537790.2773
412417.5848 7537875.3745
412474.6915 7537957.4243
412534.2595 7538037.7169
412593.8276 7538118.0094
412628.8360 7538197.5817
412564.6650 7538274.2454
412500.4940 7538350.9092
412416.4570 7538402.6832
412368.5613 7538486.0684
412330.5256 7538578.5267
412339.3230 7538675.6932
412358.1935 7538773.8723
412384.3063 7538870.3163
412423.0029 7538962.3410
412464.0397 7539053.5069
412512.3871 7539140.9525
412561.9358 7539227.7866
412611.4846 7539314.6207
412522.8297 7539349.3960
412428.3056 7539381.9606
412345.7550 7539428.8762
412335.3631 7539515.0932
412401.3390 7539587.9760
412481.2937 7539647.9967
412561.2485 7539708.0174
412604.9787 7539788.3268
412614.3867 7539887.8593
412623.7947 7539987.3919
412602.8692 7540082.5427
412565.6778 7540175.3439
412528.4864 7540268.1450
412466.4102 7540344.9357
412425.2211 7540434.4977
412391.2296 7540528.5180
412357.2381 7540622.5383
412384.3062 7540716.0650
412419.8135 7540809.5234
412454.7701 7540903.1559
412480.7737 7540999.4808
412532.6325 7541084.9314
412592.3915 7541165.0001
412663.6921 7541235.0756
412732.1403 7541307.9459
412800.5886 7541380.8163
412867.0425 7541455.1557
412917.5328 7541541.3467
412978.0181 7541620.9505
413038.5035 7541700.5543
413088.1421 7541783.5719
413084.1497 7541883.4684
413083.7755 7541983.2560
413099.9095 7542081.3586
413140.8717 7542171.4009
413214.6670 7542229.4719
413313.3593 7542233.3826
413409.5966 7542208.2878
413501.5638 7542169.0877
413590.6266 7542124.2563
413671.1317 7542065.5578
413744.8936 7541998.0713
413818.6555 7541930.5848
413902.0976 7541902.5169
413998.7295 7541928.1592
414095.3614 7541953.8016
414173.4913 7542013.5290
414247.6410 7542080.5893
414322.1972 7542147.1966
414406.3165 7542116.2903
414466.4787 7542036.4419
414526.6410 7541956.5936
414608.7555 7541937.9816
414705.9452 7541961.4215
414803.1348 7541984.8614
414890.5175 7542029.7778
414971.8826 7542087.8721
415053.2478 7542145.9665
415044.8375 7542232.1124
415011.0226 7542326.1964
414977.2076 7542420.2804
414933.2847 7542509.9842
414886.1848 7542598.1678
414838.8384 7542686.2222
414791.4921 7542774.2765
414728.1879 7542851.4443
414708.5075 7542948.7857
414698.9484 7543048.2974
414689.5530 7543147.8312
414679.8210 7543247.2813
414641.5314 7543339.6348
414603.2626 7543431.9967
414566.7260 7543524.9534
414558.7864 7543624.5712
414566.0731 7543724.2529
414586.7176 7543821.8210
414638.5588 7543907.2889
414685.5422 7543995.5374
414732.5257 7544083.7860
414778.0597 7544172.7260
414817.0927 7544264.7677
414856.1256 7544356.8094
414875.6712 7544449.0797
414838.8078 7544542.0116
414801.9443 7544634.9434
414750.3572 7544717.8011
414677.0915 7544785.8261
414603.8259 7544853.8510
414530.6625 7544921.9857
414466.9438 7544998.0931
414416.7731 7545084.4159
414403.4215 7545178.2565
414463.1025 7545239.2350
414558.6520 7545268.6549
414654.2016 7545298.0747
414695.5674 7545377.1006
414716.4610 7545474.8693
414740.8479 7545571.8039
414767.2327 7545668.2344
414829.4311 7545743.2578
414918.2863 7545787.0852
415010.4224 7545825.8947
415098.4379 7545869.2979
415146.9922 7545956.6920
415195.5466 7546044.0861
415230.0477 7546134.3872
415220.1510 7546233.8723
415210.2543 7546333.3575
415172.2310 7546419.3575
415100.8625 7546489.3703
415048.0504 7546571.9549
415024.8713 7546668.2775
415012.6220 7546767.5005
415000.3727 7546866.7235
414963.5623 7546957.7229
414913.5956 7547044.3172
414863.6288 7547130.9115
414824.4700 7547222.5147
414796.5123 7547318.4080
414771.3929 7547415.1771
414785.0841 7547510.5160
414847.3073 7547585.3336
414938.6704 7547618.1979
415037.4739 7547614.0097
415132.3362 7547584.2516
415200.4062 7547515.2207
415259.7458 7547434.7592
415319.0855 7547354.2977
415385.6817 7547279.9300
415454.5269 7547207.4346
415523.3276 7547134.8969
415592.1282 7547062.3592
415671.5997 7547002.0355
415743.8786 7546933.1679
415811.4975 7546859.5487
415878.6197 7546785.4552
415936.2903 7546703.9182
416003.6560 7546630.2368
416072.5609 7546557.7981
416094.7355 7546606.3413
416098.0989 7546706.2587
416122.7703 7546802.2286
416161.9463 7546894.1165
416203.4414 7546985.0748
416244.9365 7547076.0330
416255.0827 7547174.7751
416260.9534 7547274.5789
416248.1207 7547351.7740
416151.1849 7547327.3056
416054.2491 7547302.8372
415974.2662 7547338.8088
415951.0456 7547429.7400
415967.2152 7547527.8748
415989.1232 7547625.4211
415996.8972 7547723.2145
415978.4114 7547821.4668
415959.9255 7547919.7192
415930.7212 7548014.5866
415923.7926 7548108.2912
415950.6814 7548204.5837
415990.9059 7548295.2219
416050.3861 7548375.0466
416116.1668 7548450.3337
416181.9476 7548525.6207
416244.4007 7548603.6168
416309.2907 7548679.5315
416383.1254 7548746.5676
416460.7683 7548809.5503
416538.4113 7548872.5329
416548.8692 7548962.8280
416537.1949 7549062.1202
416525.5205 7549161.4125
416577.8929 7549245.1467
416660.9410 7549300.7260
416751.3301 7549339.3327
416844.0176 7549302.2501
416930.8213 7549252.6481
417017.6250 7549203.0461
417096.5873 7549199.9513
417160.3884 7549276.8661
417221.4848 7549356.0019
417282.5813 7549435.1377
417312.1549 7549525.8913
417317.0274 7549625.7488
417325.3153 7549725.3389
417352.7930 7549820.3936
417391.7247 7549912.4782
417430.6563 7550004.5628
417389.3742 7550088.0984
417343.7825 7550176.8613
417311.8802 7550271.4601
417282.1623 7550366.9174
417252.4444 7550462.3747
417247.0659 7550561.6659
417293.2611 7550648.7154
417365.4801 7550717.3023
417445.4580 7550777.2294
417525.9737 7550836.4955
417617.3262 7550876.6065
417709.5977 7550915.0930
417803.5676 7550949.1964
417897.6806 7550982.9307
417991.7935 7551016.6650
418054.7872 7551092.7947
418115.1784 7551172.4700
418176.3165 7551251.4683
418249.6804 7551319.3873
418323.0443 7551387.3063
418393.2514 7551457.1719
418420.9979 7551553.2207
418448.7445 7551649.2696
418475.3754 7551745.5872
418495.4780 7551843.4804
418522.7326 7551939.6699
418548.5150 7552036.1879
418564.7167 7552134.8426
418580.9184 7552233.4973
418598.2092 7552331.9464
418619.0893 7552429.7179
418660.9489 7552513.1841
418750.6520 7552551.3105
418850.1200 7552560.4801
418949.8702 7552559.1906
419049.4094 7552549.8524
419148.9486 7552540.5142
419247.6269 7552525.8057
419344.5109 7552501.2816
419440.6233 7552473.7561
419534.2610 7552439.6572
419618.6367 7552387.5257
419695.4052 7552323.4800
419772.1737 7552259.4343
419859.3981 7552223.8732
419959.3709 7552223.0417
420059.3436 7552222.2102
420141.6917 7552271.8380
420219.4059 7552334.7328
420297.1200 7552397.6277
420374.7093 7552460.6764
420450.9009 7552525.3998
420526.8014 7552590.4717
420602.7019 7552655.5437
420637.8197 7552747.1583
420666.5861 7552842.9067
420685.3296 7552938.5403
420656.3352 7553034.1139
420637.0428 7553132.2110
420617.7504 7553230.3082
420592.0155 7553325.6609
420534.6430 7553407.5367
420477.2705 7553489.4125
420414.0686 7553565.2352
420332.3167 7553622.3755
420267.8943 7553695.9780
420242.3013 7553791.7897
420238.4854 7553891.6740
420241.6879 7553991.4014
420255.2250 7554090.4569
420268.7621 7554189.5124
420248.8007 7554283.2126
420236.1070 7554378.7607
420249.2803 7554477.8124
420265.0960 7554576.5297
420280.9118 7554675.2470
420244.6578 7554762.1349
420187.7418 7554844.3287
420130.8259 7554926.5225
420063.2893 7554999.7473
420006.7763 7555081.4166
419958.1059 7555168.7301
419911.9429 7555257.4036
419883.6148 7555352.6888
419861.0928 7555450.0952
419838.5709 7555547.5016
419822.2217 7555646.0840
419857.9885 7555738.3466
419897.7088 7555830.0938
419937.4292 7555921.8409
419916.5322 7556018.8222
419893.1268 7556116.0202
419854.8804 7556208.3844
419816.5539 7556300.7225
419784.1729 7556394.9441
419789.7808 7556488.5944
419852.7581 7556562.3547
419942.4629 7556603.5956
420039.3340 7556628.3190
420136.2050 7556653.0425
420234.2069 7556671.6239
420329.1922 7556657.0584
420413.7404 7556604.6784
420490.8532 7556541.1432
420564.2574 7556473.3000
420632.6631 7556400.5055
420698.8031 7556325.5339
420764.9432 7556250.5623
420852.7545 7556208.5912
420945.1900 7556170.7421
421038.8979 7556136.0486
421133.2557 7556103.0054
421227.6135 7556069.9622
421283.6686 7556147.9164
421337.5673 7556232.1196
421389.5901 7556317.2773
421429.8772 7556407.9950
421498.2897 7556480.5649
421578.4215 7556540.3490
421660.5435 7556596.5227
421755.1397 7556626.5376
421854.8881 7556629.6411
421954.5276 7556623.1608
422054.4404 7556626.7228
422154.3531 7556630.2848
422231.7015 7556668.9516
422287.4949 7556750.3680
422371.1472 7556771.2852
422467.2765 7556743.8187
422563.4058 7556716.3523
422630.4276 7556643.2279
422695.8993 7556567.6719
422750.4607 7556488.3703
422738.2701 7556389.7984
422707.9035 7556294.5455
422677.5370 7556199.2926
422655.4192 7556102.4132
422645.5141 7556002.9583
422627.2904 7555904.8991
422599.5077 7555808.8661
422570.4478 7555713.2065
422541.3880 7555617.5468
422516.6394 7555520.8523
422497.7015 7555422.7038
422475.7034 7555325.1821
422452.5482 7555227.9243
422429.3931 7555130.6664
422425.3837 7555033.6670
422451.1550 7554937.0694
422476.9262 7554840.4718
422521.6591 7554755.4027
422595.5581 7554688.0665
422669.4572 7554620.7302
422758.1540 7554588.6787
422857.9777 7554583.1591
422957.8015 7554577.6395
423053.2466 7554597.4921
423145.4462 7554636.1506
423237.6457 7554674.8092
423259.7370 7554769.3153
423276.8035 7554867.8241
423293.8700 7554966.3329
423255.2384 7555058.2380
423296.5032 7555149.2167
423368.3513 7555211.4492
423463.7006 7555182.3108
423551.2939 7555134.1167
423638.8871 7555085.9227
423727.2340 7555047.3169
423821.2816 7555081.2330
423915.3291 7555115.1492
424003.5940 7555158.4213
424075.9847 7555227.3765
424148.3755 7555296.3318
424231.2290 7555351.2746
424325.4178 7555357.5532
424423.7776 7555339.6479
424522.1374 7555321.7427
424621.0450 7555314.4732
424711.2156 7555291.1067
424739.5041 7555212.2711
424705.9631 7555118.5055
424663.9685 7555027.7767
424650.2973 7554930.2126
424646.2874 7554830.3168
424642.2775 7554730.4210
424638.6309 7554630.6973
424715.8297 7554569.0177
424717.0010 7554469.9421
424699.1193 7554371.5780
424681.2376 7554273.2140
424663.3559 7554174.8499
424711.9669 7554095.7396
424779.6402 7554022.1490
424847.3135 7553948.5585
424919.0844 7553881.4264
425008.5136 7553842.8020
425062.9460 7553760.6294
425089.8764 7553664.3485
425116.8196 7553568.0713
425143.7628 7553471.7940
425171.4352 7553375.7292
425198.5229 7553279.5279
425220.3541 7553181.9988
425210.3427 7553090.6390
425141.5809 7553019.1996
425055.4641 7552971.4283
424982.7306 7552995.0691
424954.2445 7553089.4897
424941.8098 7553188.6896
424929.3750 7553287.8895
424857.8324 7553316.1607
424772.4071 7553285.8305
424718.3397 7553201.7355
424697.0382 7553112.2943
424721.5702 7553015.3746
424745.0201 7552918.1963
424772.2399 7552822.1902
424805.9371 7552728.0639
424839.6343 7552633.9377
424873.3315 7552539.8115
424938.7901 7552466.3129
425011.0776 7552397.2495
425084.0961 7552330.9037
425181.2751 7552354.3875
425278.4541 7552377.8713
425375.7969 7552400.6225
425472.6362 7552424.5092
425566.1461 7552459.8807
425659.6560 7552495.2523
425753.5775 7552529.4922
425848.4283 7552561.0664
425946.6611 7552574.0978
426046.5837 7552577.3697
426146.5064 7552580.6417
426231.7940 7552534.4047
426285.2492 7552450.0114
426338.4199 7552365.3466
426396.2611 7552285.3598
426481.0105 7552232.3240
426565.7599 7552179.2883
426574.2011 7552247.6322
426570.3766 7552347.5352
426566.5521 7552447.4383
426559.6019 7552546.7528
426526.8302 7552641.2052
426494.0584 7552735.6576
426453.5339 7552824.8184
426377.5164 7552889.7536
426301.4989 7552954.6889
426221.5055 7553012.6678
426147.4938 7553059.7703
426171.8954 7553147.0978
426254.2740 7553203.7460
426336.6526 7553260.3941
426283.7693 7553345.1142
426230.7363 7553429.8652
426170.0344 7553505.8593
426079.7628 7553548.7071
425994.0663 7553599.8315
425992.2181 7553639.0220
426088.2918 7553620.3146
426182.7397 7553587.5298
426174.7358 7553658.0661
426162.2169 7553756.7918
426157.7050 7553856.6526
426153.9697 7553956.5590
426119.3055 7554002.1345
426031.4911 7553954.3444
425943.6768 7553906.5544
426029.9913 7553888.8371
426079.8807 7553857.0157
425982.9465 7553832.5413
425886.0122 7553808.0668
425816.1528 7553844.7237
425769.1350 7553932.9539
425722.1173 7554021.1842
425677.1381 7554110.3417
425643.1607 7554204.2693
425630.8465 7554300.2311
425674.4378 7554390.1769
425727.8294 7554469.7604
425827.7379 7554469.7382
425927.6382 7554465.8431
426027.5385 7554461.9480
426124.7076 7554467.3450
426206.6104 7554524.6789
426288.3698 7554488.6474
426370.4034 7554431.5009
426452.4650 7554374.3945
426534.2072 7554348.2415
426615.0728 7554407.0292
426695.9385 7554465.8169
426758.6675 7554538.5610
426794.7789 7554631.7877
426830.8904 7554725.0143
426842.0381 7554819.9868
426819.2542 7554917.3323
426796.4703 7555014.6778
426739.8445 7555089.9092
426659.8403 7555149.8640
426586.0178 7555216.8399
426547.9431 7555305.3319
426527.5590 7555403.2080
426490.7025 7555495.2556
426444.9933 7555584.1709
426399.2841 7555673.0861
426352.6584 7555761.4426
426294.5588 7555842.8040
426239.0863 7555925.6882
426208.3173 7556018.4247
426229.2702 7556114.1145
426293.6739 7556156.0375
426346.8361 7556086.3805
426373.8258 7555991.4355
426415.8148 7555900.7042
426490.3860 7555836.1541
426569.9491 7555775.6152
426649.5123 7555715.0763
426723.0225 7555648.6900
426780.7802 7555567.0854
426838.5378 7555485.4809
426913.2706 7555465.3781
427004.7095 7555505.8029
427096.1485 7555546.2277
427193.0466 7555566.8210
427292.2920 7555578.8869
427391.5375 7555590.9528
427485.9821 7555622.2959
427583.6320 7555642.2408
427683.2716 7555649.0536
427777.1273 7555618.5916
427870.3249 7555582.4110
427963.6201 7555546.4769
428056.9153 7555510.5429
428154.7835 7555525.5115
428252.9895 7555544.2416
428352.7786 7555541.7087
428447.4161 7555509.4753
428542.0536 7555477.2419
428636.5177 7555447.6951
428726.2281 7555491.8233
428815.9385 7555535.9514
428897.9401 7555589.5196
428962.0178 7555665.9921
429033.9586 7555735.4167
429105.8994 7555804.8412
429162.4445 7555884.2600
429196.5726 7555978.2309
429230.7007 7556072.2017
429297.4533 7556095.2785
429393.1465 7556066.6307
429489.6151 7556040.3809
429586.0838 7556014.1311
429654.5280 7555945.4492
429689.2413 7555851.6929
429723.9545 7555757.9367
429771.1920 7555672.5479
429844.5202 7555604.5905
429917.8485 7555536.6330
430002.6081 7555493.7078
430093.3721 7555461.0655
430173.2318 7555400.9184
430253.0914 7555340.7712
430303.8324 7555262.3057
430298.1674 7555165.7335
430263.5793 7555072.0189
430225.2133 7554979.6972
430186.8474 7554887.3754
430144.7529 7554796.7652
430099.7592 7554707.4858
430054.7655 7554618.2064
430015.8568 7554526.2849
429981.3401 7554432.4561
429943.7514 7554339.8578
429898.4468 7554250.8889
429849.1683 7554163.9011
429799.8898 7554076.9133
429759.1367 7553985.9674
429724.4896 7553892.1867
429686.0934 7553799.9411
429645.0169 7553708.7930
429603.9405 7553617.6449
429585.2748 7553521.2636
429581.7352 7553421.3500
429578.1955 7553321.4365
429543.4029 7553231.2316
429468.0508 7553170.1305
429374.6565 7553172.8452
429278.5487 7553200.3869
429182.4410 7553227.9286
429085.6317 7553220.1099
428988.5071 7553196.4020
428930.3191 7553155.0103
428976.3752 7553066.2743
428994.0869 7552971.6317
428987.3078 7552871.8856
429021.8583 7552779.1617
429061.2014 7552687.2521
429118.8583 7552616.1676
429215.0422 7552588.8931
429311.2261 7552561.6185
429408.6521 7552549.5433
429507.9879 7552560.8407
429606.7413 7552558.5122
429704.7507 7552538.7788
429802.7601 7552519.0454
429898.6667 7552533.0193
429993.4635 7552564.7811
430055.6576 7552516.3667
430014.0487 7552429.3476
429964.5246 7552342.4994
429992.2270 7552295.6472
430091.7351 7552285.9835
430191.2432 7552276.3198
430261.5790 7552343.6752
430356.6452 7552364.6692
430451.3080 7552332.5102
430542.0059 7552294.8800
430597.1816 7552212.5967
430622.2011 7552115.8017
430647.2207 7552019.0067
430696.9057 7551949.0906
430795.4892 7551932.4611
430894.0727 7551915.8317
430947.1091 7551975.6944
430979.4636 7552070.2905
430993.2315 7552164.8912
430955.1762 7552256.8664
430904.5269 7552343.0632
430853.8776 7552429.2601
430802.9973 7552515.3204
430775.2088 7552609.3406
430785.1457 7552707.1715
430817.5019 7552801.5395
430854.5430 7552894.4008
430891.5841 7552987.2620
430885.0823 7553082.7961
430859.6774 7553179.4907
430839.6632 7553277.3995
430821.1582 7553375.6482
430811.3635 7553475.0404
430802.5097 7553574.6213
430793.2927 7553674.1718
430784.0757 7553773.7223
430770.9571 7553872.8140
430759.5443 7553972.1269
430751.9924 7554071.8045
430752.2946 7554171.7162
430757.1309 7554271.5658
430762.6678 7554371.3886
430771.9015 7554470.9198
430784.7596 7554570.0563
430799.0468 7554669.0057
430829.9949 7554763.6791
430876.6833 7554851.8631
430926.1517 7554938.7430
430975.6201 7555025.6230
431008.7379 7555119.5817
431038.2393 7555215.1061
431067.7407 7555310.6306
431045.9989 7555407.3066
431020.8188 7555504.0600
431000.9359 7555602.0294
430990.4720 7555701.4314
430980.5462 7555800.9137
430970.6204 7555900.3960
430961.0553 7555999.9136
430967.5358 7556099.6335
430988.7615 7556197.2947
431010.4704 7556294.8856
431032.1793 7556392.4764
431032.0826 7556492.4522
431031.9825 7556592.4284
431029.9847 7556692.0910
430998.5992 7556786.9713
430978.0270 7556884.8081
430957.4548 7556982.6448
430929.9418 7557076.3437
430853.6592 7557140.9673
430777.6462 7557205.9023
430702.9271 7557272.3257
430628.8698 7557339.4879
430554.8125 7557406.6502
430479.0119 7557471.6067
430396.5591 7557528.1468
430314.1063 7557584.6869
430229.8546 7557638.0414
430140.8353 7557682.8933
430059.4429 7557740.9452
429978.8511 7557800.1078
429898.2593 7557859.2703
429814.8280 7557913.4008
429722.5210 7557951.8022
429631.0264 7557991.9592
429542.8284 7558038.9448
429459.7121 7558093.9829
429384.3374 7558159.6631
429308.9627 7558225.3434
429235.4484 7558292.9459
429188.7565 7558375.5396
429197.2881 7558472.7089
429252.3173 7558552.1830
429330.8435 7558614.0609
429409.3698 7558675.9389
429481.0302 7558744.8276
429544.5356 7558822.0436
429603.9533 7558902.2637
429658.6809 7558985.9305
429713.4086 7559069.5972
429759.7766 7559157.6417
429801.9554 7559248.1367
429849.1223 7559336.2870
429896.4740 7559424.3385
429943.8256 7559512.3900
429964.9446 7559607.1337
429966.0302 7559707.1032
429967.4827 7559807.0689
429968.9353 7559907.0346
429965.8996 7560006.8923
429959.7576 7560106.6797
429967.4997 7560205.6676
429985.1115 7560304.0804
430002.7233 7560402.4931
430011.3922 7560501.8367
430014.4246 7560601.7670
430017.4570 7560701.6972
430016.8444 7560801.6308
430020.2180 7560901.4317
430027.3895 7561001.1504
430027.9045 7561100.9916
430024.4060 7561200.9066
430020.9075 7561300.8216
429959.8951 7561368.7849
429921.0639 7561455.8639
429988.5147 7561525.2539
430062.2265 7561592.7951
430128.9110 7561664.6813
430156.3930 7561760.8061
430183.8750 7561856.9310
430203.8303 7561953.5476
430192.5673 7562052.6193
430205.3880 7562150.0275
430254.1183 7562237.3235
430302.8487 7562324.6195
430340.6119 7562415.1319
430346.7482 7562514.9197
430352.8844 7562614.7074
430374.6667 7562708.3384
430448.5250 7562751.0306
430543.9010 7562721.0595
430638.9984 7562690.2092
430734.0957 7562659.3590
430830.5299 7562634.3146
430927.0746 7562611.5912
431018.7552 7562571.7282
431109.9324 7562530.7164
431200.8578 7562489.1572
431290.0737 7562444.1832
431377.0757 7562394.9298
431464.0777 7562345.6763
431554.6069 7562304.9093
431650.8893 7562277.9842
431747.1716 7562251.0591
431844.8758 7562233.3027
431944.3904 7562225.4209
432041.8190 7562204.4668
432135.2524 7562169.3908
432226.0396 7562127.5229
432316.8269 7562085.6550
432408.8459 7562080.1436
432502.2587 7562115.7708
432595.6715 7562151.3979
432692.0737 7562174.1992
432788.7296 7562159.8501
432883.1236 7562126.9105
432977.5177 7562093.9710
433070.9417 7562058.4554
433160.8787 7562015.1495
433242.2386 7561957.9201
433316.1495 7561890.6735
433388.2365 7561821.4008
433460.4758 7561752.2871
433532.8233 7561683.2864
433605.1708 7561614.2858
433673.4919 7561541.4387
433735.9648 7561463.4553
433795.0737 7561382.8344
433853.5598 7561301.7506
433912.1918 7561220.7720
433970.8238 7561139.7934
434055.0644 7561099.4853
434153.4295 7561081.6092
434251.7946 7561063.7331
434328.7839 7561116.1306
434417.6248 7561160.3410
434516.5802 7561174.3721
434591.1383 7561112.2067
434607.5043 7561013.5791
434623.8704 7560914.9516
434673.6296 7560833.3946
434743.9905 7560762.3693
434814.3513 7560691.3440
434876.0028 7560613.1188
434936.8707 7560533.9166
435000.2950 7560456.6340
435063.7193 7560379.3513
435140.9162 7560317.4279
435224.6296 7560262.7716
435317.3721 7560228.2276
435413.8448 7560201.9926
435509.9663 7560174.7405
435602.0826 7560135.8837
435694.1988 7560097.0269
435720.3443 7560004.3089
435739.9863 7559906.2812
435759.6284 7559808.2534
435840.0854 7559751.7138
435900.9583 7559674.5302
435905.5305 7559574.6586
435910.1028 7559474.7870
435921.5977 7559376.3132
435956.1373 7559282.4929
435990.6769 7559188.6725
435972.5885 7559104.7938
435891.9429 7559045.7405
435812.7899 7558984.6664
435733.6370 7558923.5922
435658.7193 7558857.6263
435585.2013 7558789.9103
435505.0139 7558730.6950
435424.2163 7558672.0171
435345.8074 7558609.9905
435267.3985 7558547.9639
435282.4157 7558452.8639
435210.1352 7558389.2875
435118.6216 7558351.5858
435050.8895 7558425.1223
434983.1574 7558498.6588
434897.9217 7558471.3425
434809.3717 7558424.9298
434718.6804 7558382.9035
434621.8611 7558359.0407
434524.1537 7558337.8625
434431.2677 7558301.4120
434339.1111 7558262.6511
434385.3739 7558263.8525
434484.0089 7558280.1741
434582.9232 7558294.6766
434682.2479 7558305.9870
434782.1073 7558307.6226
434880.5993 7558292.1877
434961.9259 7558237.4692
435039.0398 7558173.8399
435116.1538 7558110.2106
435137.3458 7558014.7345
435152.7256 7557915.9483
435179.7448 7557820.4512
435218.3296 7557728.2206
435246.6028 7557632.9264
435258.5348 7557533.8483
435255.1316 7557434.3622
435242.6140 7557335.1727
435208.8700 7557243.5838
435155.5808 7557158.9936
435102.2915 7557074.4034
435042.7435 7556994.3926
434976.1835 7556919.8338
434908.7576 7556846.0222
434841.9341 7556771.6592
434775.1107 7556697.2961
434730.1870 7556610.3331
434698.2203 7556515.6112
434665.4332 7556421.1642
434632.6460 7556326.7171
434595.2867 7556234.0662
434555.0197 7556142.5577
434514.7526 7556051.0492
434478.8403 7555957.8197
434445.6710 7555863.5061
434412.5017 7555769.1926
434385.8170 7555672.9895
434350.5313 7555580.0375
434307.4667 7555489.8117
434264.4022 7555399.5859
434221.5367 7555309.2655
434175.8245 7555220.3826
434128.6323 7555132.2455
434077.8032 7555046.2027
434069.9859 7554951.5351
434104.4052 7554858.1104
434110.2313 7554760.9385
434052.0612 7554680.5878
433968.8615 7554626.3063
433873.3761 7554596.8209
433780.2901 7554560.3483
433687.2041 7554523.8758
433619.2954 7554465.2870
433595.1262 7554368.2762
433570.9571 7554271.2653
433623.1309 7554288.5132
433703.5064 7554347.9693
433783.8819 7554407.4254
433852.8833 7554479.4850
433927.4576 7554545.9753
434004.3623 7554609.8525
434100.7993 7554630.4956
434188.2501 7554583.6695
434254.0766 7554508.5560
434257.2100 7554408.8612
434258.0041 7554308.8882
434258.5608 7554208.9298
434245.3994 7554109.8237
434232.2380 7554010.7176
434221.0756 7553911.7176
434244.6650 7553814.5642
434267.9268 7553717.3406
434283.9278 7553619.0180
434267.4163 7553520.4402
434244.0637 7553423.2387
434224.9773 7553325.1013
434205.8909 7553226.9638
434186.6218 7553128.8632
434164.4208 7553031.4892
434131.8068 7552936.9822
434099.1928 7552842.4751
434070.4387 7552747.0928
434059.0925 7552647.7624
434047.7463 7552548.4321
434040.7350 7552449.0849
434050.3032 7552349.5881
434045.9501 7552251.7811
433993.5340 7552169.1932
433911.2423 7552112.4190
433828.9506 7552055.6447
433757.3821 7551989.7791
433718.1615 7551898.0028
433687.8320 7551802.7381
433657.5024 7551707.4734
433654.0979 7551612.7304
433688.0948 7551518.7120
433686.2219 7551426.4321
433619.4561 7551358.0591
433550.0956 7551289.6413
433494.6320 7551206.4605
433529.8308 7551122.4748
433487.9851 7551041.5296
433468.0535 7550943.5604
433448.1220 7550845.5911
433428.1905 7550747.6218
433405.7194 7550650.2708
433394.1974 7550553.4417
433376.8645 7550457.7075
433338.6235 7550365.3662
433299.5777 7550273.3299
433260.5318 7550181.2937
433239.3342 7550093.4615
433301.5869 7550022.5628
433277.1617 7549929.4381
433219.8870 7549847.4938
433162.6123 7549765.5496
433138.2916 7549674.8177
433147.1592 7549575.2355
433156.0269 7549475.6533
433192.1523 7549385.5186
433221.0759 7549292.3910
433229.1862 7549192.8010
433220.3721 7549093.8346
433202.9324 7548995.3912
433185.4927 7548896.9478
433143.3948 7548807.9184
433090.7922 7548722.8995
433047.4547 7548638.1812
433101.8101 7548555.2659
433113.7018 7548456.3588
433105.1534 7548356.7487
433094.1772 7548257.5514
433064.9473 7548162.5737
433012.4613 7548077.4828
432964.5100 7547990.3664
432936.1638 7547894.4928
432907.8175 7547798.6193
432911.5564 7547707.5303
432942.2735 7547617.6984
432926.9562 7547519.4302
432899.5421 7547423.2859
432872.1280 7547327.1417
432824.7250 7547242.3529
432753.6927 7547172.0915
432680.0760 7547104.4467
432606.4592 7547036.8019
432535.1709 7546966.7831
432456.6610 7546906.7308
432362.4898 7546882.8135
432263.1058 7546889.3234
432164.1846 7546903.8090
432065.2633 7546918.2945
431965.5992 7546925.2596
431873.5467 7546962.4963
431782.4590 7547003.7064
431734.5554 7547089.3689
431694.7338 7547181.0721
431652.0978 7547271.4451
431606.5148 7547360.4251
431560.9319 7547449.4051
431520.2657 7547540.6228
431484.2639 7547633.8860
431431.9039 7547717.3752
431367.2882 7547793.6644
431302.6724 7547869.9537
431245.0324 7547915.7000
431219.9440 7547818.9229
431194.8556 7547722.1457
431169.7672 7547625.3685
431144.8375 7547528.5509
431108.2602 7547439.1222
431032.7141 7547373.6392
430957.1679 7547308.1562
431005.2714 7547247.1243
431073.4801 7547174.5642
431152.4454 7547114.0267
431234.4975 7547056.9066
431331.3451 7547051.6646
431392.4742 7546979.9100
431411.3223 7546882.4512
431378.5277 7546789.4941
431309.8528 7546717.3865
431219.0890 7546676.8688
431120.1766 7546663.3203
431020.8419 7546666.9911
430925.1426 7546695.9202
430829.4433 7546724.8492
430734.4071 7546755.7773
430640.3917 7546789.7826
430554.7398 7546796.0702
430495.2237 7546715.7391
430451.3809 7546632.6816
430479.5939 7546536.7807
430504.6961 7546440.0071
430513.1142 7546345.0778
430460.9444 7546260.9792
430390.2376 7546190.3657
430323.3952 7546116.0195
430256.5529 7546041.6733
430183.0110 7545974.6046
430100.3028 7545918.6789
430014.8442 7545866.7937
429929.3856 7545814.9084
429892.6615 7545726.9747
429845.6752 7545639.4675
429774.8853 7545569.4436
429701.5300 7545501.5153
429628.1747 7545433.5871
429625.6537 7545337.6180
429632.6380 7545237.8860
429639.6223 7545138.1540
429609.8151 7545044.1195
429549.1552 7544964.6487
429488.4952 7544885.1778
429420.1613 7544814.2041
429331.6387 7544769.2686
429235.9904 7544740.1714
429140.3421 7544711.0741
429054.4022 7544666.5229
428976.6583 7544607.7892
428883.1954 7544572.2936
428789.7325 7544536.7980
428792.6461 7544447.7614
428746.4203 7544363.0467
428667.7257 7544301.3862
428586.5574 7544243.0171
428505.3891 7544184.6480
428424.3358 7544126.1211
428339.4837 7544079.7534
428239.5280 7544077.7277
428139.5723 7544075.7020
428048.0609 7544054.5161
427979.1243 7543982.1076
427906.3935 7543915.4925
427811.6740 7543892.3621
427713.4908 7543910.7486
427614.0848 7543921.4118
427514.6789 7543932.0751
427452.6204 7543858.0581
427357.1538 7543871.0173
427280.9711 7543930.1547
427264.1676 7544023.8665
427271.0136 7544123.5323
427279.6833 7544223.1319
427288.3530 7544322.7316
427295.7972 7544422.4287
427302.9852 7544522.1462
427316.6530 7544621.1397
427331.6486 7544719.9850
427346.6442 7544818.8302
427335.8485 7544917.6083
427320.3387 7545016.3742
427306.3289 7545115.3628
427298.4172 7545215.0085
427312.3894 7545313.7866
427329.3110 7545412.3200
427346.2981 7545510.8425
427363.2852 7545609.3650
427356.9689 7545709.0094
427349.5244 7545808.7081
427351.1404 7545908.6544
427354.0420 7546008.5884
427362.8696 7546108.1672
427371.1529 7546207.7995
427379.4067 7546307.4345
427387.6606 7546407.0694
427405.8432 7546505.3682
427421.9882 7546604.0321
427438.1211 7546702.6980
427453.2806 7546801.3882
427442.0638 7546900.7332
427430.2560 7546999.9684
427405.0373 7547096.7117
427379.8185 7547193.4550
427348.7593 7547287.3577
427296.5156 7547370.2188
427292.0551 7547469.2962
427317.6254 7547565.5515
427360.0525 7547656.0788
427402.4796 7547746.6060
427431.5946 7547839.4793
427422.6687 7547939.0563
427415.7356 7548038.7348
427422.2060 7548137.6437
427450.3586 7548233.5743
427478.5112 7548329.5048
427477.9294 7548421.5520
427425.3219 7548506.5678
427372.7143 7548591.5837
427317.7415 7548675.0151
427259.1400 7548756.0158
427200.5385 7548837.0164
427129.7902 7548905.0525
427052.4678 7548967.2371
426993.7667 7549047.0424
426961.9645 7549140.3272
426964.4295 7549238.6902
426986.9786 7549336.0537
427012.0182 7549432.8435
427037.0577 7549529.6334
427035.2140 7549626.8206
427013.0465 7549724.3083
426990.1485 7549821.6251
426966.7615 7549918.8274
426943.3744 7550016.0297
426896.1385 7550102.9885
426841.7450 7550186.8729
426787.3515 7550270.7573
426728.1859 7550351.2958
426695.0328 7550444.4311
426668.4492 7550540.8083
426641.8657 7550637.1854
426556.3269 7550645.4161
426457.1018 7550633.1836
426382.8706 7550595.9524
426370.6186 7550496.7298
426354.5979 7550398.1436
426333.5829 7550300.4010
426320.2458 7550201.5716
426313.3078 7550101.8364
426306.3698 7550002.1012
426311.0705 7549902.7046
426323.7950 7549803.5414
426336.9644 7549704.4370
426350.4400 7549605.3731
426363.9155 7549506.3092
426390.6865 7549410.6224
426412.9999 7549313.7793
426420.9992 7549214.2273
426425.4763 7549114.3514
426429.9533 7549014.4754
426455.0551 7548919.0261
426489.7536 7548825.2809
426507.5445 7548727.6259
426516.6828 7548628.0682
426525.8211 7548528.5104
426540.4782 7548429.6856
426533.7236 7548331.2270
426509.1109 7548234.4450
426485.0166 7548137.4441
426462.3971 7548040.0603
426439.7777 7547942.6765
426415.6103 7547845.6704
426389.0912 7547749.2819
426358.7019 7547654.0588
426327.0874 7547559.2127
426291.9021 7547465.6615
426247.1346 7547376.4407
426199.3012 7547288.6500
426140.6599 7547208.0601
426068.4918 7547139.3277
425992.9177 7547073.8769
425920.8425 7547006.0856
425889.1946 7546911.2507
425857.5467 7546816.4158
425850.4482 7546725.0259
425906.9761 7546642.5647
425953.5625 7546555.7018
425970.0513 7546457.6046
425964.6733 7546358.3131
425943.6945 7546260.5628
425922.7156 7546162.8124
425902.9266 7546064.8297
425885.5880 7545966.3684
425868.2494 7545867.9071
425859.7962 7545769.0349
425867.9726 7545669.3936
425876.1491 7545569.7523
425880.4954 7545470.0034
425869.2303 7545371.3575
425833.0550 7545279.1662
425772.6131 7545200.6104
425698.9379 7545133.0293
425625.2626 7545065.4481
425580.6324 7544982.5661
425566.5624 7544883.5849
425552.4925 7544784.6036
425570.6307 7544691.3679
425591.7432 7544596.9619
425570.8908 7544500.7091
425535.1175 7544407.3522
425499.3442 7544313.9952
425452.4269 7544226.3231
425395.1107 7544144.4544
425335.9141 7544063.8876
425276.7175 7543983.3207
425261.5984 7543884.5874
425196.9327 7543809.0064
425098.7044 7543790.3932
425000.4761 7543771.7799
424902.2479 7543753.1666
424880.6737 7543848.4587
424858.4567 7543945.9351
424836.2397 7544043.4115
424814.0227 7544140.8879
424769.7922 7544226.6707
424719.4656 7544310.3365
424698.5682 7544407.5475
424694.8435 7544507.2083
424733.9753 7544594.4655
424794.0811 7544674.3563
424819.3224 7544758.6968
424786.2038 7544852.7616
424763.3444 7544950.0761
424742.5612 7545047.8683
424721.7781 7545145.6604
424672.0392 7545219.9136
424580.5514 7545260.2275
424491.1087 7545304.6476
424449.3427 7545389.9034
424420.7053 7545485.6904
424392.0678 7545581.4774
424345.6166 7545667.5346
424286.9649 7545748.3394
424230.8320 7545831.0700
424174.6991 7545913.8006
424096.7549 7545925.1234
424003.9756 7545887.8776
423911.1963 7545850.6318
423818.4170 7545813.3860
423757.3280 7545736.9345
423701.4582 7545654.0260
423645.5883 7545571.1176
423598.3438 7545483.0974
423553.5999 7545393.6940
423509.0365 7545304.1990
423464.4731 7545214.7040
423504.0622 7545128.1446
423554.7535 7545041.9724
423616.1068 7544974.1110
423685.7002 7544938.0324
423663.9872 7544855.7727
423579.2395 7544802.7343
423494.4917 7544749.6959
423417.9823 7544686.8090
423350.8065 7544612.7640
423283.6308 7544538.7190
423349.3391 7544571.3380
423436.1624 7544620.9057
423524.4070 7544667.8822
423618.5368 7544701.0888
423717.6440 7544698.2920
423794.7728 7544637.1678
423833.7617 7544545.5048
423828.9806 7544445.7049
423823.9165 7544345.8570
423822.0271 7544246.6783
423867.6434 7544157.7655
423923.1036 7544074.5825
423978.5639 7543991.3995
424061.5926 7543953.2768
424156.6508 7543934.1144
424218.8669 7543855.8558
424281.0829 7543777.5972
424327.1832 7543693.2645
424332.8955 7543593.4579
424334.5479 7543493.7486
424303.6497 7543402.5303
424228.6008 7543384.8648
424137.6551 7543426.3873
424046.7093 7543467.9098
423955.7636 7543509.4323
423885.0267 7543454.9642
423813.4667 7543385.2094
423798.4471 7543463.3796
423829.4323 7543558.4331
423860.4174 7543653.4866
423878.9102 7543749.0359
423855.5551 7543846.2459
423832.2001 7543943.4559
423799.1188 7543976.8024
423747.5401 7543891.1642
423693.9045 7543806.7933
423640.5335 7543722.2546
423587.1626 7543637.7160
423536.8607 7543551.6752
423502.8435 7543457.6641
423468.8263 7543363.6531
423437.7898 7543268.8714
423421.9754 7543170.1538
423406.1611 7543071.4363
423416.9293 7542986.3752
423506.3892 7542941.7415
423595.8491 7542897.1077
423685.3090 7542852.4739
423692.8370 7542767.6865
423673.3041 7542669.6369
423653.7712 7542571.5874
423634.2383 7542473.5378
423701.1661 7542404.5917
423775.8402 7542338.1669
423826.4511 7542252.0344
423865.1355 7542159.8456
423903.8199 7542067.6569
423942.9864 7541975.6794
423981.6795 7541883.7453
424006.0604 7541786.7875
424031.0244 7541689.9865
424058.5894 7541593.8855
424086.1545 7541497.7844
424116.7264 7541402.7516
424131.0103 7541310.5462
424084.4789 7541223.3298
424020.7225 7541146.3304
423958.2708 7541068.2597
423895.8191 7540990.1890
423832.7472 7540912.6262
423768.5316 7540835.9998
423704.3160 7540759.3734
423663.3153 7540672.8323
423642.1793 7540575.8430
423598.9640 7540486.2874
423545.9976 7540401.4946
423493.0312 7540316.7019
423444.1426 7540229.6251
423399.5050 7540140.1671
423354.5044 7540050.8920
423305.3646 7539963.9339
423251.2819 7539879.8600
423168.6842 7539853.3844
423069.0982 7539862.2088
423018.0564 7539822.2302
423004.7892 7539725.8600
422967.4002 7539633.1384
422930.0111 7539540.4167
422857.8061 7539480.4522
422763.1210 7539449.7401
422664.4109 7539447.0802
422564.7957 7539455.5696
422465.6671 7539462.6202
422391.6400 7539395.4247
422317.6130 7539328.2291
422278.3282 7539244.1480
422271.2286 7539144.4242
422254.6791 7539046.2260
422211.3595 7538957.9355
422153.7510 7538876.2257
422096.1425 7538794.5158
422062.0859 7538702.7779
422043.1096 7538604.6191
422024.1332 7538506.4603
422017.3962 7538406.9400
422015.3388 7538306.9864
422013.5827 7538207.0256
422011.8266 7538107.0648
421979.3114 7538013.4306
421924.1656 7537930.2609
421866.5696 7537849.3771
421767.0057 7537840.8207
421668.3889 7537824.3901
421569.7720 7537807.9595
421471.1552 7537791.5289
421383.3988 7537750.9778
421305.7256 7537688.0324
421228.0524 7537625.0870
421235.5354 7537528.0659
421248.3444 7537428.9136
421220.5446 7537332.9116
421186.0809 7537239.0633
421144.8644 7537150.3377
421063.6465 7537092.0401
420981.4536 7537035.1321
420896.0320 7536984.1658
420801.6784 7536969.3944
420708.5954 7536991.2118
420610.5141 7536971.8390
420512.4328 7536952.4662
420414.3515 7536933.0933
420338.7273 7536868.6420
420264.1855 7536802.0180
420189.6437 7536735.3939
420161.6680 7536640.0634
420135.1401 7536543.6873
420102.7219 7536449.1130
420070.3036 7536354.5386
420053.3012 7536261.3481
420094.3908 7536171.6668
420101.4346 7536072.0391
420100.8239 7535972.0648
420091.1315 7535873.3284
420044.4059 7535790.8278
419958.7930 7535775.0075
419897.2428 7535843.6567
419844.6829 7535927.3664
419781.4233 7536004.7840
419724.8784 7536037.4792
419687.1427 7535944.8981
419649.4070 7535852.3170
419613.5108 7535759.0574
419577.0589 7535666.3584
419528.3920 7535579.0270
419479.7251 7535491.6955
419453.2210 7535401.2916
419476.2950 7535304.0145
419499.3690 7535206.7373
419534.2875 7535114.5812
419583.0389 7535027.7948
419598.5291 7534932.8279
419581.7318 7534834.2729
419563.3390 7534736.0222
419532.4498 7534641.8097
419468.8759 7534570.5229
419379.7951 7534565.8598
419297.7174 7534620.9437
419226.9562 7534691.4558
419163.5849 7534768.5553
419105.9255 7534850.2186
419049.3543 7534932.6501
418992.7830 7535015.0815
418922.4168 7535083.8540
418840.8995 7535141.7320
418759.6699 7535200.0157
418678.4402 7535258.2995
418590.2565 7535303.4686
418496.4354 7535338.0063
418402.6143 7535372.5440
418307.8175 7535369.3164
418212.3380 7535339.6700
418116.8585 7535310.0235
418030.8166 7535260.6267
417955.5261 7535195.1645
417882.2855 7535127.1125
417860.7870 7535057.1232
417928.7336 7534983.7850
417996.6802 7534910.4467
418072.9307 7534847.5168
418157.6416 7534794.5656
418240.0177 7534737.9139
418322.3938 7534681.2621
418411.5682 7534639.2038
418507.9367 7534612.5888
418604.3052 7534585.9737
418701.1744 7534561.3289
418798.9567 7534540.5912
418897.1484 7534521.7859
418995.3401 7534502.9806
419094.4319 7534492.0067
419191.0760 7534471.7830
419256.1693 7534406.7701
419260.1137 7534310.9318
419217.4982 7534222.6561
419161.4620 7534139.8601
419105.4258 7534057.0640
419021.3659 7534016.8812
418921.9136 7534011.6673
418821.9385 7534012.1588
418721.9635 7534012.6503
418625.0580 7533989.2688
418528.4592 7533963.5024
418431.8603 7533937.7359
418369.2004 7533861.0061
418308.1835 7533781.8089
418259.8155 7533702.3109
418316.9979 7533620.3023
418374.1804 7533538.2936
418439.8245 7533465.4388
418522.5694 7533410.0677
418573.1809 7533333.5166
418540.7936 7533243.0780
418483.0129 7533161.4897
418425.2322 7533079.9015
418374.9333 7532993.7263
418305.7460 7532923.8784
418227.8910 7532861.1580
418149.9794 7532798.5095
418070.7133 7532737.5822
417991.4472 7532676.6550
417910.3588 7532618.2515
417822.5738 7532639.2791
417833.9210 7532718.1033
417886.8468 7532802.9214
417921.2075 7532892.5519
417916.1510 7532992.4002
417878.6840 7533080.9274
417820.4719 7533162.2085
417742.0588 7533203.5790
417642.0900 7533202.3626
417542.1211 7533201.1461
417453.3593 7533168.7215
417375.4546 7533106.0628
417297.5500 7533043.4041
417314.8238 7532962.4687
417365.2875 7532876.4519
417439.0508 7532808.9669
417512.8141 7532741.4820
417570.3066 7532662.6196
417608.3745 7532570.1746
417597.0906 7532476.9885
417611.3118 7532380.9203
417615.3862 7532286.3761
417558.1324 7532206.9793
417481.7281 7532142.4996
417403.3068 7532080.6116
417322.0382 7532022.3822
417238.8029 7531967.1647
417150.7881 7531920.0253
417059.9430 7531878.2830
416969.0980 7531836.5406
416975.3214 7531812.7334
417075.0846 7531806.2092
417172.6767 7531811.4940
417263.5963 7531853.0738
417355.9312 7531890.7628
417452.3035 7531903.2406
417548.6417 7531876.5160
417644.0111 7531848.7352
417678.7720 7531754.9999
417700.6412 7531660.8145
417655.3622 7531571.6794
417609.7167 7531482.7376
417559.8319 7531396.2850
417497.9172 7531317.7878
417436.0024 7531239.2906
417376.4898 7531159.1121
417314.5355 7531084.2377
417221.3440 7531058.6693
417121.5311 7531064.3812
417035.2556 7531107.1126
416955.3041 7531167.1376
416874.1336 7531222.5034
416775.0296 7531209.3257
416675.9282 7531202.9630
416576.8343 7531216.2157
416477.7403 7531229.4685
416434.6579 7531248.9214
416508.6567 7531316.1480
416576.5599 7531388.7063
416633.3376 7531470.9957
416657.1732 7531545.6288
416569.9247 7531594.4442
416481.3517 7531639.1247
416384.3447 7531659.5457
416291.5151 7531696.6659
416198.6855 7531733.7861
416157.6326 7531663.3077
416127.5160 7531567.9773
416078.0168 7531481.6991
416024.1798 7531397.4565
416018.6375 7531300.7981
415954.0686 7531229.4792
415857.2813 7531207.2427
415757.4556 7531202.8008
415661.1731 7531229.0012
415562.8767 7531247.2211
415464.5538 7531265.3279
415385.7688 7531264.1038
415393.1590 7531168.0584
415341.5318 7531082.4437
415333.0403 7530999.8587
415396.1285 7530922.3014
415450.6093 7530840.5350
415450.9718 7530742.8021
415399.6607 7530663.9679
415321.8255 7530601.2230
415241.9930 7530541.0505
415161.9158 7530481.1933
415079.7244 7530424.8334
414988.9659 7530382.9716
414909.5499 7530398.2164
414849.6194 7530478.0268
414794.6104 7530561.5089
414739.6014 7530644.9910
414657.4873 7530696.7759
414566.4777 7530738.1583
414489.9673 7530740.3594
414447.8199 7530649.7016
414405.6724 7530559.0438
414381.6648 7530465.4440
414392.9996 7530366.1124
414404.3343 7530266.7808
414390.1507 7530174.2983
414315.7293 7530116.2975
414217.5621 7530100.0750
414117.6526 7530096.5788
414023.7316 7530116.6980
413938.4968 7530168.9500
413853.2620 7530221.2019
413762.1480 7530246.6556
413662.8672 7530234.8837
413563.5864 7530223.1119
413486.3180 7530168.5869
413419.0625 7530094.6143
413341.7493 7530031.4019
413263.4109 7529969.2863
413186.3442 7529905.8789
413118.0975 7529834.5506
413029.5421 7529788.1481
412940.9867 7529741.7457
412896.1150 7529666.9251
412889.5836 7529567.1624
412883.0521 7529467.3998
412894.6845 7529369.1084
412916.3305 7529271.5059
412933.4428 7529173.0559
412940.8109 7529073.5137
412883.6559 7529012.9087
412785.8190 7529010.5020
412689.2361 7529034.8246
412593.6046 7529063.9770
412497.9731 7529093.1295
412399.1585 7529095.4338
412299.3614 7529089.4514
412200.2611 7529100.6700
412110.9550 7529144.5710
412018.1052 7529181.4944
411924.8381 7529217.5014
411831.5710 7529253.5083
411748.0903 7529200.9005
411664.9281 7529145.4091
411593.8978 7529082.7608
411584.2488 7528983.2959
411567.6766 7528884.7039
411550.0558 7528786.2927
411532.4351 7528687.8815
411533.3473 7528595.0634
411602.4663 7528522.8289
411672.1002 7528451.0999
411743.0386 7528380.6514
411813.9770 7528310.2029
411867.1361 7528231.1308
411859.3739 7528133.6665
411823.9712 7528040.3528
411782.7087 7527949.2888
411741.4462 7527858.2248
411735.3273 7527759.8691
411714.4835 7527662.6543
411683.1485 7527567.7535
411634.2851 7527480.9189
411550.1857 7527431.2431
411452.2616 7527435.5777
411352.8124 7527428.6191
411253.3263 7527418.7312
411165.1002 7527396.0637
411142.7625 7527298.6148
411120.4249 7527201.1660
411105.2526 7527103.7106
411127.4123 7527006.2211
411149.5719 7526908.7317
411175.2574 7526812.4031
411204.0798 7526719.2114
411178.5246 7526625.1984
411109.0691 7526558.2466
411012.7003 7526537.2454
410914.6942 7526525.6397
410820.1288 7526493.1954
410731.6538 7526456.2532
410728.4605 7526356.3280
410720.4032 7526258.1193
410660.1747 7526178.3209
410599.9461 7526098.5226
410556.6625 7526013.7467
410564.1652 7525914.0524
410571.6679 7525814.3581
410566.9411 7525715.9847
410529.1790 7525624.3188
410475.0514 7525540.2835
410418.9078 7525457.5602
410362.7642 7525374.8369
410402.8805 7525302.8755
410322.4565 7525244.4591
410228.7600 7525211.3155
410129.2063 7525203.5675
410029.2338 7525204.4372
409929.2614 7525205.3068
409831.1749 7525193.9420
409734.5369 7525169.8883
409635.4511 7525156.5749
409536.1758 7525144.8723
409436.7047 7525134.8352
409344.4820 7525158.1929
409266.1844 7525219.8311
409190.6364 7525285.3121
409115.0885 7525350.7930
409020.0518 7525351.3740
408920.9282 7525338.3449
408821.8046 7525325.3159
408721.9313 7525328.0470
408622.0185 7525331.6083
408522.1543 7525334.7646
408425.9149 7525307.6864
408329.6756 7525280.6081
408261.0502 7525233.2151
408263.8484 7525133.2781
408266.6466 7525033.3410
408221.5294 7524949.7839
408136.1491 7524901.1853
408039.6894 7524876.6641
407953.1484 7524913.8777
407865.5845 7524961.8852