425803.3242 7542814.6351
425712.6653 7542854.9468
425678.7645 7542949.5839
425654.4181 7543044.5111
425682.5156 7543141.0304
425710.9199 7543237.4569
425738.7950 7543333.8905
425754.4894 7543433.1836
425770.1837 7543532.4768
425778.7679 7543631.9258
425773.2790 7543731.8186
425790.9016 7543830.1858
425825.7095 7543924.4930
425860.5175 7544018.8002
425879.1351 7544115.2769
425877.8337 7544215.3363
425889.8308 7544315.1357
425905.5852 7544414.3795
425924.9616 7544513.0202
425944.3381 7544611.6610
425970.6055 7544708.2267
426014.1787 7544798.4793
426071.9207 7544880.3609
426147.9023 7544942.5957
426235.5438 7544940.3323
426293.6997 7544862.8894
426323.0243 7544767.1417
426333.1877 7544667.6965
426319.5627 7544568.9602
426293.8478 7544471.7790
426268.1328 7544374.5978
426307.7710 7544356.7254
426398.2443 7544400.5435
426486.2377 7544371.6067
426451.3613 7544277.9949
426415.5712 7544184.0560
426379.7812 7544090.1171
426366.5368 7543990.4937
426352.4864 7543890.9765
426330.7674 7543793.1023
426294.6477 7543699.2897
426258.5279 7543605.4771
426233.5154 7543510.2694
426245.3148 7543410.4385
426248.3201 7543310.9122
426225.0073 7543213.4241
426176.0556 7543129.9097
426093.1299 7543073.1296
426008.6249 7543018.6838
425966.1381 7542928.5899
425892.5474 7542860.9158
425803.3242 7542814.6351