482190.2965 7489723.7694
482178.8960 7489923.3258
482273.9248 7490098.5977
482414.7301 7490240.1021
482572.6254 7490362.5291
482733.4307 7490481.2454
482894.3825 7490599.7664
483055.3343 7490718.2874
483216.2861 7490836.8084
483138.5956 7490978.2464
483332.2708 7491017.5299
483531.2103 7490998.1445
483730.1498 7490978.7592
483929.0893 7490959.3738
484128.2372 7490944.8105
484323.2116 7490923.4382
484417.8419 7490815.2444
484311.0121 7490646.3062
484204.1823 7490477.3681
484097.3525 7490308.4299
484044.0361 7490119.8019
484002.7050 7489930.8718
483826.7326 7489836.9986
483638.0868 7489770.9269
483449.4410 7489704.8553
483260.7952 7489638.7836
483096.9962 7489535.7592
482941.5292 7489489.0555
482757.8986 7489568.0019
482574.2680 7489646.9482
482390.1782 7489723.6665
482190.2965 7489723.7694