505460.9952 7505597.5331
505420.3555 7505402.0627
505371.6709 7505208.4889
505227.9689 7505069.8873
505084.2669 7504931.2856
504941.0520 7504792.3604
504869.0576 7504606.1415
504797.0632 7504419.9225
504724.8393 7504233.7970
504644.7652 7504051.1081
504527.4194 7503889.5821
504409.0013 7503728.9714
504267.8940 7503587.7290
504124.5001 7503450.3810
503931.8540 7503397.9579
503739.2079 7503345.5348
503558.9581 7503268.3225
503401.4457 7503145.6420
503243.9332 7503022.9615
503103.0822 7502883.4259
502941.7359 7502793.2234
502776.0035 7502863.5058
502634.3982 7503004.2489
502446.8007 7503055.9005
502250.0530 7503089.8271
502072.8445 7503022.4400
501902.7453 7502917.9080
501732.6167 7502813.4238
501562.4881 7502708.9396
501391.2900 7502606.2239
501211.2758 7502520.5515
501016.6953 7502484.4781
500818.1803 7502463.2060
500619.6653 7502441.9339
500420.0362 7502441.6210
500220.3848 7502441.7264
500020.7334 7502441.8319
499821.7518 7502449.3409
499672.3400 7502535.7705
499724.7679 7502673.9362
499912.7795 7502741.0787
500100.0727 7502810.2302
500287.3660 7502879.3817
500464.5813 7502958.4875
500533.0051 7503145.9564
500619.2748 7503325.9948
500698.8903 7503509.0851
500778.5058 7503692.1755
500775.2766 7503885.0822
500772.5380 7504084.7148
500769.7995 7504284.3475
500767.0609 7504483.9801
500703.4085 7504624.5157
500503.9502 7504633.2957
500408.7536 7504686.9229
500559.1637 7504814.5633
500734.0987 7504910.2815
500922.2794 7504940.7368
501119.4588 7504909.4188
501316.5689 7504877.6653
501513.6791 7504845.9118
501710.7892 7504814.1583
501893.3515 7504880.5932
502072.7863 7504968.1365
502252.2212 7505055.6799
502429.6679 7505147.1723
502615.8818 7505218.7304
502803.2625 7505287.6445
502990.6433 7505356.5587
503181.4156 7505415.3021
503374.7220 7505465.1475
503568.0258 7505515.0888
503761.2841 7505565.2077
503954.5425 7505615.3266
504148.1992 7505663.8791
504341.9216 7505712.1731
504535.6441 7505760.4671
504733.7988 7505782.7268
504932.7950 7505771.1047
505131.8199 7505755.2995
505330.8447 7505739.4944
505460.9952 7505597.5331