488051.7344 7495465.0521
488035.5848 7495287.2354
487896.2701 7495143.2415
487756.9554 7494999.2476
487617.6406 7494855.2537
487594.0990 7494659.7686
487580.4671 7494459.8761
487533.9908 7494272.9184
487398.9885 7494126.0331
487241.7682 7494001.9763
487079.1846 7493884.8890
486916.6011 7493767.8018
486751.6988 7493654.1558
486576.3579 7493558.6765
486390.1646 7493484.7204
486202.8665 7493413.5708
486015.5684 7493342.4212
485828.2703 7493271.2717
485765.4956 7493121.3097
485781.3515 7492921.5813
485797.2075 7492721.8529
485777.6066 7492524.0748
485739.9402 7492327.2905
485627.2483 7492189.9217
485471.3999 7492070.8702
485336.9746 7491922.3015
485202.5492 7491773.7328
485095.3773 7491609.5860
484982.5731 7491466.0185
484792.4239 7491428.5002
484751.7143 7491508.7222
484663.9197 7491634.2573
484746.1010 7491789.3318
484865.8431 7491949.9701
484967.8302 7492107.7996
484804.3508 7492223.6328
484640.8715 7492339.4661
484477.3921 7492455.2993
484298.8777 7492477.0714
484103.4107 7492439.8510
483977.6730 7492513.3161
483960.3085 7492712.9190
483942.9440 7492912.5219
483925.5795 7493112.1248
483734.0808 7493114.8056
483533.8530 7493107.6151
483476.6158 7493172.9448
483614.1017 7493316.9820
483782.8845 7493370.8156
483972.5747 7493306.3138
484162.2648 7493241.8121
484352.6088 7493237.5233
484543.6547 7493297.8912
484732.9786 7493362.9945
484918.1735 7493439.4516
485103.3684 7493515.9086
485288.5634 7493592.3656
485328.2633 7493722.3932
485236.8676 7493900.6897
485177.4959 7494087.5286
485167.9478 7494287.6577
485163.6959 7494487.8783
485335.3074 7494555.2165
485534.9597 7494558.6203
485735.3026 7494556.2608
485935.6454 7494553.9014
486085.7221 7494678.4806
486230.1360 7494817.3598
486374.5499 7494956.2391
486546.6366 7495057.3945
486722.4731 7495153.4380
486898.3097 7495249.4814
487074.1688 7495345.4763
487261.0297 7495417.7586
487450.8325 7495479.2795
487651.1332 7495474.5371
487851.4338 7495469.7946
488051.7344 7495465.0521