487887.0018 7497304.9988
487871.9531 7497508.1871
487942.9663 7497699.9468
488039.7248 7497878.8302
488198.6100 7498006.5746
488380.9040 7498099.3470
488566.5164 7498185.3533
488752.1622 7498271.2874
488937.5999 7498357.6648
489122.3028 7498445.6074
489312.1479 7498509.6424
489427.6500 7498418.5838
489356.3958 7498233.2675
489200.0960 7498110.7022
489021.5902 7498010.7787
488843.0843 7497910.8552
488715.5675 7497754.9907
488599.5738 7497586.4840
488470.1842 7497428.1851
488292.3134 7497331.3689
488091.2672 7497299.3100
487887.0018 7497304.9988