483249.2930 7513578.9287
483203.7459 7513385.0250
483158.1988 7513191.1214
483112.6517 7512997.2178
483066.2539 7512803.5729
482995.0809 7512617.6452
482894.2975 7512445.8938
482774.2283 7512287.9615
482598.3449 7512208.8647
482409.2227 7512271.3624
482226.2818 7512345.6367
482106.5346 7512484.5352
482136.8663 7512676.2352
482260.2317 7512825.9081
482424.2783 7512934.1641
482555.2136 7513084.2611
482660.3524 7513253.3062
482789.9702 7513404.4962
482930.7755 7513545.3684
483078.1915 7513679.3125
483249.2930 7513578.9287