549589.4674 7651971.9921
549788.0079 7651994.3890
549987.6944 7652004.9371
550187.3809 7652015.4852
550387.0673 7652026.0334
550531.9710 7652110.2028
550608.9643 7652294.3433
550699.2601 7652472.7603
550789.5559 7652651.1773
550885.4957 7652826.4577
550999.0573 7652990.4394
551126.2658 7653144.7247
551253.0354 7653299.3693
551379.1834 7653454.5229
551505.3314 7653609.6765
551636.8733 7653760.0655
551775.2749 7653904.3948
551922.7778 7654038.6868
552100.3988 7654079.9174
552283.3394 7654005.0567
552458.9413 7653909.4015
552634.5432 7653813.7462
552824.3568 7653755.8084
553019.4188 7653711.7997
553212.4721 7653659.9193
553397.8768 7653586.0418
553580.7057 7653505.0508
553763.5346 7653424.0597
553958.5764 7653425.0238
554157.0758 7653449.1894
554355.5751 7653473.3550
554547.6838 7653526.6371
554739.9155 7653581.6042
554934.0474 7653556.8068
555128.5635 7653510.4447
555314.8221 7653438.3846
555461.2504 7653304.4314
555602.9308 7653163.3193
555744.6112 7653022.2072
555860.9974 7652860.0016
555974.3619 7652695.2763
556087.7264 7652530.5509
556245.1661 7652408.8108
556407.0016 7652291.3577
556538.7272 7652141.1747
556624.7079 7651960.8102
556709.7095 7651779.8111
556795.4370 7651599.2545
556917.3970 7651440.7877
557039.3569 7651282.3209
557162.1645 7651124.7224
557323.5398 7651006.6379
557484.9151 7650888.5533
557647.2771 7650772.6054
557841.8165 7650726.3413
558036.3559 7650680.0772
558230.8687 7650633.7041
558424.7883 7650584.9071
558618.7079 7650536.1101
558812.8513 7650488.7989
559012.5405 7650478.3018
559212.2297 7650467.8047
559406.7973 7650468.1280
559525.2693 7650629.2191
559643.7413 7650790.3102
559766.3894 7650947.9094
559913.7211 7651079.7637
560096.9421 7651157.2207
560291.2785 7651175.0935
560460.5313 7651085.0245
560568.4793 7650918.2143
560647.9007 7650734.6981
560727.3222 7650551.1819
560836.0947 7650389.6439
560989.8364 7650261.7788
561143.5780 7650133.9138
561300.9796 7650010.7766
561465.7697 7649897.6077
561633.5083 7649788.7512
561801.2468 7649679.8947
561948.0331 7649546.2759
562078.9917 7649395.2039
562208.1871 7649242.5785
562337.3825 7649089.9531
562515.6209 7649024.1030
562714.9159 7649013.5402
562914.8530 7649010.2076
563114.7901 7649006.8749
563131.5459 7649201.1221
563143.3224 7649400.7399
563132.0745 7649593.9255
563018.5454 7649758.5375
562912.5034 7649927.3022
562836.6824 7650112.1823
562781.2295 7650303.8081
562752.2815 7650501.6562
562727.1299 7650700.0330
562701.9782 7650898.4098
562714.8066 7651092.3649
562793.6643 7651275.7412
562908.4581 7651435.6554
563073.6936 7651542.1323
563261.0269 7651612.0764
563448.3602 7651682.0206
563635.6288 7651752.1376
563828.2376 7651781.2813
563954.6600 7651662.6077
564043.1364 7651483.4304
564136.0816 7651306.3791
564268.3474 7651183.9842
564460.5717 7651134.3597
564618.0540 7651023.1959
564720.6281 7650852.3802
564784.2682 7650664.7440
564808.7109 7650466.4165
564823.6122 7650267.0076
564838.5135 7650067.5987
564820.2160 7649872.5999
564745.3805 7649687.4280
564660.6422 7649506.3055
564575.9038 7649325.1830
564592.3643 7649141.3022
564667.1109 7648955.8328
564745.8184 7648773.7964
564918.7877 7648673.4591
565091.7571 7648573.1219
565260.2423 7648468.0890
565356.7694 7648295.5839
565381.3688 7648097.3054
565383.0781 7647897.5193
565373.1980 7647698.7025
565406.3758 7647501.5092
565465.9949 7647477.3785
565577.6131 7647641.1034
565712.4007 7647788.8135
565872.4328 7647899.1029
565956.8486 7647793.6442
565882.9259 7647611.9658
565792.9753 7647433.3761
565702.7775 7647254.9096
565594.1130 7647087.2384
565482.8508 7646921.0858
565371.5885 7646754.9333
565247.2972 7646598.3178
565118.0568 7646445.7322
564970.2309 7646311.1146
564822.0825 7646176.8090
564794.9123 7645995.6405
564813.9267 7645796.5817
564832.9411 7645597.5229
564840.2065 7645397.8248
564834.3275 7645198.0170
564825.1537 7644998.2627
564815.9799 7644798.5084
564876.7292 7644613.0969
564963.8020 7644433.0850
565050.8747 7644253.0730
565244.0257 7644239.0644
565443.9618 7644235.6741
565643.4863 7644222.4435
565840.5643 7644188.6484
565954.9163 7644025.9067
565998.6424 7643831.9007
565924.2182 7643647.3945
565788.8365 7643500.5195
565632.7575 7643375.5981
565468.2530 7643261.9133
565304.6698 7643146.9977
565149.2284 7643021.2044
564993.7871 7642895.4112
564837.9744 7642770.0845
564680.4999 7642646.8460
564523.0254 7642523.6074
564363.7636 7642402.7919
564199.5220 7642288.7277
564035.2803 7642174.6635
563867.7157 7642066.0707
563690.7723 7641972.9204
563513.8288 7641879.7701
563367.0799 7641761.3981
563306.9207 7641570.6972
563227.0077 7641391.7970
563073.0672 7641272.9250
562879.1071 7641246.7476
562682.1748 7641281.4409
562485.2425 7641316.1342
562289.0880 7641354.7031
562094.0193 7641398.6822
561898.9506 7641442.6613
561701.8036 7641470.5675
561507.0953 7641504.1218
561320.6631 7641576.2694
561136.2157 7641653.5034
560951.7682 7641730.7375
560765.7293 7641803.9086
560577.8949 7641872.4956
560390.0605 7641941.0827
560195.7040 7641970.0693
559995.7950 7641965.3419
559796.2719 7641953.7114
559597.0817 7641936.1275
559397.8914 7641918.5435
559198.7753 7641900.1541
559018.8354 7641953.2867
558868.1926 7642083.5337
558715.0867 7642210.8164
558551.0631 7642325.1939
558387.0395 7642439.5715
558195.5637 7642489.2286
558009.8527 7642562.2291
557825.4984 7642639.6853
557641.0379 7642716.8839
557461.3826 7642800.7493
557323.8548 7642944.3026
557237.8268 7643123.4638
557198.2170 7643319.4664
557158.6071 7643515.4690
557070.9690 7643681.4525
556912.1390 7643802.9391
556753.3090 7643924.4256
556589.9729 7644039.3956
556422.4844 7644148.5287
556258.9160 7644263.5457
556096.4044 7644380.0616
555933.8928 7644496.5774
555778.3210 7644621.5427
555637.1283 7644762.9308
555502.4337 7644910.7256
555367.7390 7645058.5204
555225.1876 7645198.2022
555083.3934 7645338.3072
554972.8050 7645503.0594
554888.5795 7645684.3674
554808.6759 7645867.6742
554728.7723 7646050.9809
554616.2776 7646212.5079
554490.7713 7646367.4058
554389.4343 7646539.2196
554328.2038 7646727.5296
554307.0916 7646925.8363
554295.7234 7647125.4576
554281.8332 7647324.9395
554267.9430 7647524.4214
554212.9615 7647713.7845
554132.6356 7647896.9067
554052.3098 7648080.0288
553930.7530 7648233.7998
553784.0150 7648369.6449
553637.2769 7648505.4900
553483.2379 7648632.6953
553324.8178 7648754.7159
553166.3978 7648876.7366
553002.7771 7648991.4767
552835.9774 7649101.7663
552669.1776 7649212.0560
552489.7171 7649297.6369
552301.5052 7649365.1208
552112.5411 7649430.5312
551923.5770 7649495.9416
551733.5384 7649482.4380
551542.8635 7649422.1966
551362.8755 7649470.1152
551245.6230 7649624.1382
551150.1875 7649799.8597
551054.7521 7649975.5812
550866.8578 7649970.9077
550666.9800 7649966.7427
550467.0429 7649963.4067
550270.0206 7649940.4822
550077.7745 7649885.4605
549885.5284 7649830.4389
549687.3994 7649805.6152
549516.4856 7649900.9530
549452.7513 7650084.7601
549402.5767 7650278.3278
549352.4020 7650471.8955
549343.6740 7650664.8787
549436.1152 7650835.1407
549521.3965 7651005.4620
549554.9445 7651202.5926
549588.4926 7651399.7232
549615.9640 7651596.0724
549538.2878 7651778.6876
549589.4674 7651971.9921