491162.5949 7526045.9213
491037.5766 7525890.9644
490853.5024 7525820.2901
490669.2791 7525744.8315
490485.3295 7525668.6492
490301.3799 7525592.4669
490117.4303 7525516.2846
490162.6500 7525330.9942
490219.4799 7525140.1761
490276.3098 7524949.3580
490273.3191 7524767.3445
490149.9784 7524613.3111
489996.3186 7524486.8000
489833.8519 7524372.3440
489661.6822 7524272.4384
489493.3542 7524166.1046
489329.9044 7524053.6272
489188.1907 7523913.7758
489046.4770 7523773.9244
488904.7632 7523634.0730
488745.4772 7523524.2696
488557.8677 7523458.6619
488374.3583 7523381.4252
488190.8490 7523304.1886
488007.3396 7523226.9519
487984.1274 7523037.2653
487973.9654 7522838.4238
487935.5980 7522643.3774
487858.3233 7522460.4071
487776.0492 7522279.1003
487693.7751 7522097.7935
487676.9240 7521899.8675
487662.6943 7521701.2757
487543.3526 7521542.9916
487402.2040 7521402.5699
487239.5472 7521289.0761
487062.1984 7521198.9460
486866.0773 7521186.0418
486757.4426 7521338.3888
486666.8906 7521431.9572
486565.6173 7521276.2106
486375.1096 7521218.5110
486182.9685 7521166.3287
486038.9700 7521054.1491
485912.6024 7520906.9518
485736.4519 7520819.6039
485541.7649 7520792.6672
485407.4400 7520898.0532
485374.5629 7521091.7589
485389.5288 7521289.5952
485464.7635 7521471.8178
485641.0913 7521527.2077
485838.5261 7521552.9112
486003.5479 7521615.1767
486052.7323 7521808.1070
486169.2786 7521958.8682
486345.2849 7522046.7969
486540.7203 7522063.6955
486739.7819 7522059.7357
486908.9940 7522103.4962
486992.5316 7522284.2244
487076.0691 7522464.9526
487159.6067 7522645.6808
487124.8927 7522815.3417
487009.2708 7522977.4304
486942.9792 7523143.9100
487032.0689 7523321.8040
487137.1790 7523490.6611
487254.9248 7523651.2136
487380.5962 7523804.6691
487530.4917 7523935.4641
487698.5388 7524036.3554
487890.7519 7524088.2718
488082.9651 7524140.1881
488275.1782 7524192.1045
488456.8281 7524266.4921
488619.4437 7524381.3719
488782.0592 7524496.2518
488944.6748 7524611.1316
489098.5801 7524736.3099
489238.8531 7524877.6063
489379.1261 7525018.9028
489516.4297 7525162.8987
489649.5757 7525310.3579
489797.8112 7525443.2768
489946.0466 7525576.1958
490104.6761 7525695.8468
490256.8996 7525669.1934
490435.2281 7525722.1634
490618.3044 7525800.4211
490801.3807 7525878.6787
490984.0957 7525957.7213
491162.5949 7526045.9213