491762.6384 7531809.4655
491772.8669 7532010.1288
491798.6401 7532209.4017
491824.4134 7532408.6745
491850.1866 7532607.9474
491861.2371 7532808.0625
491934.1203 7532990.9098
492058.4465 7533148.0352
492237.5039 7533236.8805
492419.6775 7533321.6549
492601.8512 7533406.4293
492787.1808 7533483.0031
492981.5609 7533507.7156
493179.8682 7533475.3406
493378.1755 7533442.9657
493576.4829 7533410.5907
493775.2518 7533381.3974
493974.5837 7533356.0849
494173.9157 7533330.7724
494373.2476 7533305.4598
494543.6697 7533369.2466
494699.4448 7533495.4660
494872.9970 7533595.0894
495054.8593 7533680.5296
495246.3541 7533733.3871
495371.0203 7533626.7418
495452.9689 7533443.2796
495534.9174 7533259.8174
495612.6637 7533076.1298
495548.9043 7532885.8140
495444.0589 7532714.7463
495308.8500 7532566.1510
495181.8219 7532410.4661
495045.9444 7532266.2226
494859.6255 7532195.0540
494660.6359 7532167.1778
494461.6463 7532139.3017
494262.6567 7532111.4255
494104.3715 7531992.3402
494080.0463 7532183.0958
494122.0110 7532379.5975
494131.1289 7532564.8193
493977.2939 7532694.0815
493823.4588 7532823.3437
493669.6237 7532952.6058
493514.8709 7532997.7593
493346.4238 7532894.8389
493153.0200 7532840.3509
492959.6163 7532785.8629
492766.2126 7532731.3750
492615.2295 7532621.5309
492506.7616 7532452.5554
492379.6304 7532298.0336
492235.7531 7532157.7722
492091.8758 7532017.5108
491947.9985 7531877.2494
491762.6384 7531809.4655