496420.8139 7535312.7962
496260.4199 7535194.0489
496081.0120 7535110.0027
495884.2500 7535144.0563
495687.4880 7535178.1099
495490.7260 7535212.1635
495384.0133 7535340.5986
495456.3462 7535526.7246
495528.6791 7535712.8506
495601.0120 7535898.9766
495608.8450 7536067.5678
495452.2328 7536191.4530
495295.6207 7536315.3383
495141.3026 7536382.9165
494995.2876 7536246.7014
494849.2726 7536110.4863
494703.2576 7535974.2712
494603.6057 7535803.6878
494477.4705 7535650.8107
494333.1126 7535512.9702
494171.7921 7535562.6573
494018.9871 7535691.2090
493866.1820 7535819.7607
493713.3770 7535948.3125
493671.7064 7536083.3907
493819.0176 7536216.5141
493941.5123 7536358.5126
493990.1791 7536552.1785
494038.8459 7536745.8444
494087.5128 7536939.5103
494200.3580 7537098.7250
494339.5182 7537241.8782
494489.3781 7537373.5442
494630.9493 7537323.2591
494765.7120 7537175.9026
494906.1405 7537034.6908
495063.9257 7536912.3030
495221.7109 7536789.9152
495386.4045 7536677.5240
495556.6740 7536573.2013
495726.9435 7536468.8786
495893.8911 7536360.0355
496000.2441 7536193.4823
496095.1845 7536017.8086
496190.1249 7535842.1348
496285.0653 7535666.4611
496402.2090 7535505.2151
496420.8139 7535312.7962