513445.1975 7535978.1248
513387.0319 7535786.9123
513303.0117 7535605.3138
513218.9915 7535423.7154
513106.8093 7535274.1617
512917.4714 7535209.7142
512730.5820 7535138.2318
512543.6926 7535066.7494
512422.8287 7534909.8488
512252.1485 7534806.9645
512078.8085 7534707.0113
511918.4708 7534587.3846
511758.5693 7534467.0978
511597.0611 7534349.2602
511423.0461 7534250.4869
511249.0311 7534151.7137
511097.2147 7534030.0692
510987.5905 7533862.9855
510853.0077 7533717.2347
510682.8060 7533615.6907
510493.0911 7533552.3709
510314.0759 7533560.5145
510373.8278 7533729.9713
510468.4851 7533906.2591
510563.1423 7534082.5470
510367.4290 7534085.5748
510175.7722 7534058.4633
510010.0312 7533946.3619
509843.5443 7533835.3685
509670.6985 7533737.5417
509477.7152 7533689.8585
509277.9204 7533678.9306
509078.1256 7533668.0028
508880.7652 7533643.0057
508688.9146 7533586.1659
508497.0641 7533529.3261
508337.3806 7533433.4905
508245.0941 7533255.9501
508152.8075 7533078.4098
508060.5209 7532900.8694
507934.4640 7532746.6978
507828.3450 7532577.3463
507684.2985 7532439.5810
507510.8703 7532489.8612
507356.2350 7532616.8468
507201.5998 7532743.8324
507046.9646 7532870.8180
506860.5258 7532907.4642
506667.8706 7532952.0223
506478.3285 7533016.1409
506293.7629 7533005.8833
506109.5848 7532928.7672
505916.2085 7532880.3053
505717.4978 7532859.4878
505517.6478 7532849.6189
505403.3074 7532943.2907
505375.2195 7533141.4030
505254.9140 7533259.2022
505247.0705 7533378.5562
505363.5565 7533541.2473
505446.1193 7533691.0967
505251.0986 7533735.8664
505056.0779 7533780.6360
504859.6331 7533817.2729
504666.1444 7533861.5902
504480.2084 7533935.5172
504294.2724 7534009.4442
504107.5608 7534023.1625
503919.7821 7533954.0500
503732.0034 7533884.9374
503544.7612 7533814.4036
503356.9368 7533745.5240
503165.7368 7533686.9798
502970.0799 7533646.8434
502771.8595 7533619.5289
502573.6391 7533592.2144
502374.8911 7533569.6171
502206.9295 7533630.4110
502071.2436 7533766.2470
501882.3734 7533700.1765
501692.3851 7533638.5547
501493.3257 7533624.0106
501303.8997 7533670.3602
501196.8893 7533838.3840
501050.0969 7533974.3598
500903.3046 7534110.3355
500725.8834 7534096.0592
500537.5786 7534028.3931
500345.1987 7533973.9604
500151.4492 7533923.9749
499957.6998 7533873.9894
499766.9104 7533813.9837
499577.0995 7533750.6651
499387.2887 7533687.3466
499200.3292 7533616.2027
499014.2768 7533542.5691
498828.2244 7533468.9354
498645.5712 7533387.3754
498620.7999 7533493.5201
498755.4173 7533641.5591
498889.7291 7533789.8745
499023.5496 7533938.6342
499117.2997 7534053.5211
498948.3396 7533946.3302
498779.3795 7533839.1393
498612.1674 7533729.4781
498454.5063 7533606.2770
498340.6568 7533535.8487
498463.7936 7533691.6314
498604.0394 7533834.2403
498739.9661 7533981.0780
498875.8928 7534127.9158
498823.5513 7534178.7533
498659.5147 7534255.4115
498659.4099 7534455.4011
498532.7934 7534610.3387
498406.1137 7534531.3951
498279.4135 7534376.5259
498152.7134 7534221.6568
498028.4169 7534064.8599
497904.7603 7533907.5499
497776.0738 7533754.3638
497646.0540 7533602.2710
497516.0342 7533450.1781
497395.7873 7533290.3709
497269.5609 7533135.2109
497121.5316 7533001.2995
496955.2821 7532890.5213
496779.6816 7532794.7790
496602.6285 7532701.5611
496425.5754 7532608.3431
496489.5410 7532770.9271
496631.5447 7532911.8963
496773.5485 7533052.8655
496914.2112 7533195.1294
497050.0925 7533342.0092
497187.1819 7533487.7277
497328.5632 7533629.3213
497469.9445 7533770.9148
497548.9443 7533917.7145
497432.9896 7534080.7847
497317.0348 7534243.8549
497201.0801 7534406.9251
497052.8593 7534371.7615
496891.1750 7534253.8819
496729.4908 7534136.0023
496574.2503 7534010.2151
496402.7767 7533927.9735
496391.3736 7534044.6218
496501.8519 7534209.4516
496655.7389 7534333.4795
496825.1271 7534439.9926
496994.5152 7534546.5058
497157.3817 7534659.2928
497255.6509 7534833.5284
497342.9804 7535013.5588
497430.3099 7535193.5892
497517.6395 7535373.6196
497625.0763 7535541.9092
497771.2403 7535676.7347
497928.7634 7535800.0992
498086.9316 7535922.6562
498116.4770 7536112.9570
498128.0671 7536312.7145
498139.6573 7536512.4720
498151.2475 7536712.2295
498050.7337 7536881.9953
497965.9390 7537063.0481
497975.2194 7537261.4785
498074.4345 7537435.1173
498205.1702 7537586.5628
498364.6955 7537707.2095
498553.0623 7537774.6430
498746.3473 7537826.3953
498939.6853 7537874.9136
499134.5627 7537829.5241
499329.4400 7537784.1345
499373.3992 7537837.9481
499278.9142 7538013.0794
499197.8354 7538196.0101
499127.2998 7538383.1838
499174.0119 7538573.6315
499297.3599 7538729.6204
499426.6811 7538882.3077
499311.1138 7538970.4039
499123.3096 7539039.4470
498936.4538 7539086.1563
498755.0506 7539001.7185
498570.4373 7538935.7160
498372.1888 7538962.8255
498184.9368 7539011.0103
498087.1368 7539156.3555
498231.2577 7539294.3159
498354.2542 7539449.5004
498527.8886 7539548.9413
498701.5230 7539648.3822
498875.1575 7539747.8230
499050.9811 7539843.1988
499230.7713 7539930.9674
499412.0780 7540015.6153
499603.5539 7540059.1648
499789.8235 7540010.2858
499953.4392 7539896.6042
500107.6253 7539769.0736
500261.8113 7539641.5430
500431.7622 7539736.7170
500603.0600 7539836.5225
500796.2923 7539784.5737
500989.5246 7539732.6249
501160.5806 7539641.8488
501305.8505 7539504.3015
501454.0751 7539369.8884
501602.2996 7539235.4754
501774.2069 7539188.0201
501970.1198 7539228.7083
502166.0327 7539269.3966
502356.0188 7539329.6770
502506.3179 7539447.4546
502615.8853 7539614.8833
502725.4527 7539782.3120
502697.5397 7539938.7538
502562.7721 7540086.6560
502428.0044 7540234.5582
502364.7082 7540418.2989
502402.6592 7540612.2032
502471.8879 7540799.7728
502602.2518 7540949.0992
502769.4731 7541057.8947
502966.3440 7541064.1501
503166.2695 7541072.2497
503366.1941 7541080.4665
503429.0739 7541227.1412
503439.3412 7541426.9711
503458.8061 7541626.0641
503480.4843 7541824.9798
503432.2049 7542018.9572
503382.7983 7542212.8550
503333.3917 7542406.7529
503342.5987 7542597.2794
503477.0252 7542735.6113
503657.5031 7542818.7902
503846.0629 7542885.7136
504034.9711 7542951.6762
504223.8794 7543017.6388
504308.7755 7543147.3501
504281.8137 7543345.6187
504254.8518 7543543.8873
504140.2774 7543662.1542
503945.2681 7543706.9735
503750.2588 7543751.7928
503555.2495 7543796.6121
503379.4193 7543713.1699
503206.0504 7543613.2669
503026.5248 7543671.7497
502846.8230 7543759.7353
502950.7140 7543927.8095
503076.9262 7544082.8996
503240.3975 7544195.7402
503410.9082 7544300.4468
503584.8106 7544399.3080
503774.6360 7544407.5531
503971.5710 7544372.1415
504168.5060 7544336.7298
504364.6274 7544298.0902
504524.4750 7544198.0164
504626.7746 7544026.0508
504729.0743 7543854.0852
504675.4597 7543682.9840
504704.3044 7543495.3742
504762.8013 7543304.0224
504821.2983 7543112.6706
504879.7952 7542921.3189
505015.7425 7542779.5575
505159.2607 7542640.1742
505211.9803 7542450.3127
505254.3541 7542254.7574
505235.5943 7542056.4347
505118.3128 7541894.9568
504999.1041 7541734.2500
504875.9162 7541576.5731
504732.3198 7541437.2271
504588.4423 7541298.1733
504430.2465 7541175.6553
504282.2725 7541040.9664
504134.2985 7540906.2776
504015.4934 7540770.5470
504153.4821 7540625.6452
504271.5163 7540466.6755
504361.6332 7540288.0241
504451.7501 7540109.3727
504634.9293 7540059.6675
504786.0008 7539934.7694
504860.0964 7539750.8939
504927.9113 7539562.6430
504995.8367 7539374.4316
505063.7621 7539186.2202
505207.5275 7539048.2521
505354.1097 7538912.0499
505500.6835 7538775.8386
505646.4931 7538638.8553
505770.8277 7538488.7422
505689.2986 7538351.4146
505492.4871 7538315.3227
505295.6756 7538279.2308
505287.7499 7538177.4572
505419.7069 7538027.0420
505566.8808 7537917.4130
505765.1134 7537944.6384
505959.4130 7537921.5882
506151.0004 7537863.8677
506345.8432 7537819.6579
506542.6944 7537783.7832
506739.5456 7537747.9085
506938.2638 7537726.7020
507137.2363 7537738.4290
507335.9453 7537761.9266
507365.0747 7537900.3343
507453.2942 7538051.0380
507649.0885 7538011.3455
507837.3630 7537944.1348
507971.3864 7537795.5614
508101.5902 7537643.6261
508231.7941 7537491.6908
508382.4605 7537406.2742
508577.8314 7537442.5792
508777.9024 7537445.5817
508977.9733 7537448.5842
509177.0247 7537462.3734
509375.1000 7537487.5345
509575.0268 7537488.8951
509769.2378 7537454.8889
509947.3052 7537365.0302
510088.8891 7537232.1408
510121.1318 7537052.5018
510021.4987 7536881.5033
509858.6905 7536780.2141
509697.2452 7536717.7607
509853.8287 7536593.1854
509975.9633 7536449.4537
509933.9184 7536293.9402
509740.9352 7536241.3614
509545.8678 7536196.7956
509350.8005 7536152.2299
509282.3104 7535979.8653
509235.3624 7535785.3577
509188.3264 7535590.8711
509141.2904 7535396.3846
509325.4230 7535443.1016
509517.7365 7535498.3547
509678.7811 7535599.7085
509801.2366 7535757.9552
509935.2151 7535905.6563
510062.2002 7536057.9897
510167.9875 7536227.8321
510273.7610 7536397.6824
510368.5114 7536573.7235
510508.1528 7536717.0331
510647.7943 7536860.3427
510785.1145 7537005.8183
510921.8632 7537046.4769
510976.7043 7536875.6856
510951.4337 7536677.1943
510926.1632 7536478.7030
510902.6630 7536279.9963
510851.8639 7536086.9654
510694.5884 7535986.6728
510500.0227 7535939.9652
510448.8471 7535760.8417
510417.7460 7535563.1801
510386.6449 7535365.5185
510557.3096 7535300.8141
510751.2112 7535251.4219
510942.2256 7535266.8446
511130.9675 7535333.2816
511319.7094 7535399.7186
511491.8505 7535497.3023
511662.2551 7535600.9792
511845.0346 7535681.8063
512030.9528 7535755.7781
512216.8709 7535829.7499
512390.9487 7535926.7663
512559.3443 7536034.8418
512727.7399 7536142.9173
512637.5570 7536195.7387
512439.6970 7536225.5513
512253.0302 7536291.5058
512072.9541 7536378.7411
511917.1246 7536399.7474
511835.9396 7536216.8639
511737.6656 7536043.9826
511594.4859 7536000.8672
511468.6333 7536142.6632
511456.1708 7536332.3869
511535.0829 7536513.4908
511681.0426 7536639.5385
511861.9339 7536724.9861
512044.3392 7536807.2398
512226.7446 7536889.4936
512408.8580 7536972.3897
512599.8133 7536983.5219
512777.2017 7536900.3372
512942.2972 7536787.2848
513030.9171 7536616.1830
513095.4110 7536426.7683
513159.9048 7536237.3536
513326.5747 7536136.4324
513445.1975 7535978.1248