563105.7248 7653248.7487
562945.2418 7653129.0940
562770.7623 7653030.8332
562595.9989 7652933.1110
562417.7693 7652867.3923
562265.1769 7652989.3497
562194.9763 7653176.8868
562124.7757 7653364.4239
562017.8440 7653510.8855
561823.6576 7653559.7722
561629.4711 7653608.6590
561440.2161 7653670.6051
561262.1840 7653762.2723
561084.1520 7653853.9395
560902.4330 7653889.7888
560713.8906 7653822.3346
560520.7575 7653776.1525
560321.1770 7653759.8460
560121.5965 7653743.5394
559926.2512 7653706.9535
559736.8262 7653642.0192
559547.4012 7653577.0848
559385.3642 7653472.7708
559258.5716 7653317.7807
559131.7791 7653162.7906
558979.1270 7653039.9765
558830.8992 7653151.0662
558673.1483 7653274.1562
558513.4973 7653395.0273
558347.1900 7653497.9563
558147.3943 7653511.2506
557962.2394 7653552.6285
557868.9543 7653726.5072
557836.4151 7653924.0914
557803.8759 7654121.6755
557670.3452 7654253.3126
557617.1455 7654435.5003
557635.7497 7654633.7460
557699.6638 7654822.8221
557797.7464 7654996.8874
557923.0500 7655152.6304
558090.1825 7655259.7337
558264.7873 7655357.7716
558439.3922 7655455.8095
558531.1053 7655626.9868
558606.6387 7655812.4403
558682.1721 7655997.8938
558630.7065 7656183.5565
558555.7846 7656369.2579
558480.8626 7656554.9592
558405.9407 7656740.6606
558214.9672 7656707.5218
558075.9542 7656830.5239
558118.2196 7657020.4263
558305.3076 7657084.6079
558482.8544 7656992.0042
558660.4012 7656899.4006
558837.9480 7656806.7970
559010.7780 7656839.8535
559187.1418 7656934.2046
559366.9544 7657022.3279
559456.6064 7657140.3806
559365.1882 7657318.5407
559273.7701 7657496.7007
559182.3519 7657674.8608
559018.0190 7657696.2610
558825.8048 7657722.5412
558850.7228 7657833.3200
559002.1302 7657964.1150
559180.9447 7658044.0037
559363.7808 7658121.4033
559552.0161 7658171.8882
559752.0235 7658181.6530
559952.0308 7658191.4177
560152.0382 7658201.1825
560237.4921 7658333.2853
560260.3666 7658532.2200
560283.2411 7658731.1548
560346.2633 7658921.0796
560482.2999 7659059.1673
560679.8710 7659033.8536
560866.9554 7658962.4552
561054.0397 7658891.0568
561237.1573 7658859.2117
561411.1615 7658956.1714
561603.4759 7659008.3608
561803.0650 7659023.5068
561992.4973 7658995.5434
562133.8153 7658857.1778
562246.4747 7658691.6298
562293.0258 7658511.5648
562260.0933 7658314.0459
562228.0405 7658116.3845
562196.9688 7657918.5643
562150.8624 7657724.2937
562057.8374 7657548.3315
561952.5089 7657378.0254
561847.1803 7657207.7192
561765.7013 7657029.8179
561729.4187 7656837.4542
561624.9923 7656666.5934
561520.5659 7656495.7325
561442.8067 7656314.1605
561400.0306 7656118.5372
561357.2544 7655922.9138
561318.3247 7655726.5317
561283.5988 7655529.3201
561248.8729 7655332.1085
561314.3778 7655162.3840
561477.2843 7655050.6082
561661.8277 7654991.7068
561861.9391 7654999.0362
562062.0505 7655006.3656
562253.6178 7655047.4398
562433.1052 7655136.2237
562620.1267 7655176.3776
562818.0650 7655146.0676
562928.8633 7654983.7952
563009.0815 7654800.4325
563088.0156 7654616.4007
563166.9498 7654432.3689
563224.1975 7654240.5459
563201.7660 7654042.0318
563176.9688 7653843.3276
563152.1715 7653644.6233
563148.2102 7653444.4184
563105.7248 7653248.7487