509501.7506 7547817.0881
509551.4598 7547623.4136
509586.5619 7547426.5492
509621.6641 7547229.6849
509659.0198 7547033.5504
509746.6657 7546853.8450
509848.0385 7546681.4754
509949.4112 7546509.1057
510061.3041 7546344.7775
510170.3370 7546185.2559
510212.2804 7545989.7348
510253.6354 7545794.0905
510283.7822 7545596.9503
510294.2520 7545397.2692
510308.1536 7545197.7836
510322.0552 7544998.2981
510358.4192 7544804.2553
510439.3471 7544621.4173
510523.9227 7544440.2138
510608.4984 7544259.0103
510691.9443 7544077.2904
510753.6790 7543888.8057
510785.5366 7543691.3903
510817.3942 7543493.9750
510904.1452 7543323.0495
511031.0813 7543168.8192
511147.8900 7543006.5597
511200.6815 7542822.9775
511281.2240 7542651.0097
511421.9994 7542519.6715
511608.7010 7542454.4603
511761.6349 7542328.8412
511870.7118 7542162.4036
511951.5777 7541979.5145
512028.7501 7541795.1504
512097.9536 7541607.5650
512172.0248 7541421.8200
512246.0960 7541236.0750
512315.2786 7541048.5313
512365.0743 7540855.4476
512399.8662 7540658.5282
512434.6581 7540461.6088
512476.4830 7540266.1943
512525.3245 7540072.2813
512631.9177 7539910.3273
512770.2793 7539765.9534
512908.6408 7539621.5796
512943.0120 7539440.5054
512925.9177 7539241.2681
512886.0744 7539045.7252
512740.7872 7538915.1123
512558.3773 7538834.3716
512359.6531 7538833.2211
512198.3506 7538951.3512
512042.7073 7539076.9017
511887.0640 7539202.4521
511731.4208 7539328.0025
511567.1969 7539410.3323
511375.3970 7539353.7594
511180.2745 7539311.3901
510981.6282 7539290.8763
510782.0775 7539277.9441
510657.4403 7539137.0585
510476.3128 7539065.4192
510277.2070 7539073.5877
510097.5583 7539157.7491
510050.9900 7539352.1635
509991.1733 7539542.9768
509931.3566 7539733.7900
509814.6656 7539590.0899
509678.6928 7539443.5400
509488.4965 7539385.6426
509295.9757 7539331.5734
509104.2924 7539286.8164
508925.7126 7539376.4950
508745.3693 7539421.8870
508563.0503 7539346.7750
508379.1406 7539271.0575
508184.8104 7539225.5329
507986.4366 7539221.3738
507802.5362 7539288.5861
507641.9560 7539406.3096
507523.2954 7539564.0511
507517.9573 7539757.3466
507538.4455 7539956.2636
507558.9337 7540155.1806
507368.0621 7540179.0050
507242.4416 7540281.6504
507195.6031 7540476.0569
507287.5847 7540586.0073
507481.7632 7540633.7825
507675.9416 7540681.5577
507631.4218 7540876.3115
507586.6690 7541071.2087
507519.9260 7541242.0595
507338.6924 7541297.6535
507225.5777 7541462.0929
507140.9860 7541642.4598
507087.1602 7541835.0488
507033.3345 7542027.6378
506951.4879 7542204.6806
506817.6019 7542353.2023
506738.2341 7542524.2372
506731.8067 7542724.1032
506821.5102 7542892.1935
506981.6283 7543011.9847
507129.0089 7543145.1765
507200.1688 7543314.6918
507266.9167 7543426.9692
507455.0775 7543491.0063
507475.0682 7543656.9104
507440.4966 7543853.8686
507405.9251 7544050.8269
507309.6094 7544222.8939
507223.0750 7544402.6045
507291.2370 7544580.9171
507490.3291 7544597.3011
507689.6547 7544613.3335
507882.3279 7544646.5794
508040.6310 7544768.7591
508198.9341 7544890.9387
508335.9298 7545029.2874
508410.9922 7545214.6340
508492.9276 7545396.5818
508610.0308 7545554.9609
508777.7852 7545660.9307
508955.8069 7545747.9906
509113.3631 7545871.1320
509270.9192 7545994.2734
509333.7620 7546174.1262
509367.9152 7546371.1574
509288.4163 7546544.7467
509151.5740 7546680.2751
509038.9933 7546811.9050
509072.8198 7547006.1101
509143.2934 7547193.0000
509219.7296 7547377.7843
509296.1657 7547562.5687
509335.5209 7547757.7317
509501.7506 7547817.0881