380172.4054 7491245.7733
380206.7175 7491153.1950
380223.4208 7491055.9157
380188.5230 7490964.3247
380131.8853 7490883.7217
380053.6862 7490824.2851
379957.6440 7490810.6698
379859.1372 7490804.0006
379760.6305 7490797.3313
379675.4025 7490750.2220
379586.5482 7490778.3628
379496.8013 7490819.5156
379407.0544 7490860.6683
379342.0915 7490911.1820
379358.4351 7490986.7481
379308.2924 7491045.4180
379404.0139 7491069.6142
379499.7353 7491093.8104
379595.4568 7491118.0067
379691.3056 7491141.5743
379788.8996 7491156.5231
379886.4937 7491171.4718
379984.0877 7491186.4205
380078.2688 7491216.0014
380172.4054 7491245.7733