369820.3786 7486887.2929
369782.9914 7486795.5078
369743.6986 7486704.5220
369704.4058 7486613.5362
369674.9760 7486521.5657
369681.7229 7486427.3891
369625.0578 7486346.0792
369567.8460 7486265.1525
369510.6341 7486184.2257
369463.9606 7486097.5978
369427.3923 7486005.4833
369390.6882 7485913.4228
369353.9841 7485821.3622
369324.7963 7485726.9892
369300.7882 7485630.8734
369240.9280 7485568.4609
369145.5678 7485541.4654
369050.2075 7485514.4698
368963.3481 7485470.1940
368883.7644 7485411.1282
368804.1807 7485352.0624
368734.7635 7485282.3382
368670.6139 7485206.8071
368602.3724 7485135.0251
368530.7042 7485104.2755
368590.3787 7485183.3717
368655.3344 7485258.2255
368720.2902 7485333.0792
368777.4029 7485410.3270
368765.3207 7485508.6955
368753.2384 7485607.0639
368662.9908 7485624.9575
368594.8186 7485692.7025
368544.7231 7485778.2173
368504.5275 7485867.5334
368484.5164 7485964.5999
368482.4033 7486060.9574
368526.1651 7486146.6969
368595.5964 7486217.4192
368665.0277 7486288.1414
368720.9846 7486367.5071
368763.6856 7486456.3484
368828.6588 7486528.7752
368913.7072 7486578.9611
369003.9152 7486620.0080
369094.1232 7486661.0550
369180.2844 7486708.9765
369259.9518 7486767.9293
369340.5759 7486825.5279
369427.5170 7486870.9666
369523.9309 7486886.9527
369622.9460 7486882.6693
369721.9611 7486878.3858
369820.3786 7486887.2929