372391.2659 7486712.8673
372324.4046 7486780.4600
372327.7119 7486879.5800
372339.3677 7486978.0872
372355.2816 7487076.0262
372371.1955 7487173.9653
372387.1093 7487271.9044
372349.1397 7487329.5820
372250.7065 7487342.0816
372152.2734 7487354.5812
372055.1144 7487344.3906
371975.8049 7487382.7754
371956.5258 7487476.2285
371966.7478 7487574.5325
371999.7086 7487667.6286
372037.3263 7487759.4449
372091.7006 7487841.8258
372150.7026 7487921.6010
372209.7046 7488001.3762
372147.4223 7488071.4991
372076.5453 7488140.9380
372090.1316 7488238.1966
372141.0873 7488323.0756
372206.6215 7488397.4912
372297.5302 7488436.1459
372394.8541 7488454.9117
372493.7872 7488461.9087
372591.0538 7488443.6859
372689.6612 7488432.9810
372788.3831 7488423.0156
372884.7289 7488426.0214
372975.5283 7488464.2402
373070.0047 7488465.2933
373128.0021 7488401.9931
373128.7986 7488315.4922
373212.6244 7488262.4021
373296.4502 7488209.3121
373380.2760 7488156.2220
373438.6508 7488084.1485
373449.2197 7487986.7703
373436.5879 7487888.7488
373400.1577 7487798.4533
373342.6400 7487717.6014
373285.1223 7487636.7495
373239.0714 7487551.0776
373216.6080 7487454.7780
373173.5017 7487366.6803
373105.5962 7487338.9057
373089.8274 7487428.6912
373040.5991 7487506.8341
372970.5525 7487577.1106
372900.5059 7487647.3871
372830.4593 7487717.6637
372759.5136 7487670.9139
372688.3955 7487601.7219
372617.2773 7487532.5299
372597.6359 7487438.8565
372588.8440 7487340.0232
372574.3625 7487242.1370
372550.6637 7487145.7851
372526.9650 7487049.4332
372503.2662 7486953.0814
372483.9310 7486855.7830
372475.7095 7486756.9884
372391.2659 7486712.8673