371938.9454 7492275.6465
371990.2544 7492363.5816
372042.3725 7492450.8772
372116.0964 7492521.0910
372189.8204 7492591.3049
372263.5443 7492661.5188
372276.4067 7492753.8715
372265.0254 7492855.0430
372258.2682 7492956.5258
372299.7286 7493040.9295
372367.5065 7493116.8061
372443.0176 7493184.4650
372524.4483 7493156.4208
372514.4221 7493055.1060
372504.3958 7492953.7912
372494.3696 7492852.4765
372521.0620 7492773.9869
372559.2490 7492709.5483
372509.1329 7492623.7843
372424.9907 7492570.2622
372331.9567 7492528.9114
372238.9228 7492487.5605
372145.8889 7492446.2096
372110.2408 7492357.5884
372037.5686 7492291.5748
371938.9454 7492275.6465