379381.7935 7492866.9540
379326.6754 7492783.3880
379229.5219 7492775.5134
379133.9112 7492805.1765
379038.3006 7492834.8395
378943.3704 7492860.1273
378861.2813 7492802.8327
378779.1922 7492745.5381
378697.1032 7492688.2435
378635.7306 7492618.1120
378593.1609 7492546.5833
378494.3278 7492530.6674
378434.6864 7492462.6750
378392.0322 7492372.1106
378349.3780 7492281.5463
378306.7238 7492190.9819
378281.8433 7492094.2597
378236.3327 7492005.6942
378186.8132 7491918.6936
378121.2909 7491843.8576
378090.1802 7491900.9140
378093.7167 7492000.8471
378141.2361 7492088.9562
378188.7554 7492177.0652
378124.1661 7492245.8494
378049.8900 7492312.9638
377975.6139 7492380.0783
377888.7467 7492412.4445
377788.7185 7492408.4898
377737.7747 7492487.9041
377669.4933 7492535.9399
377690.5836 7492438.0804
377711.0199 7492340.0982
377723.6009 7492241.1018
377705.6600 7492147.4083
377615.3161 7492118.3287
377573.9930 7492043.6504
377516.1411 7491965.2448
377462.1089 7491880.9726
377445.2476 7491787.7676
377405.6947 7491705.4627
377371.9802 7491779.1333
377343.8415 7491875.2036
377336.0645 7491874.8303
377349.1621 7491775.5845
377311.0509 7491689.3381
377223.1338 7491655.5866
377205.0196 7491754.0289
377185.3123 7491846.2263
377177.6984 7491746.6546
377132.4404 7491657.4437
377071.5622 7491578.2951
376988.2998 7491525.0175
376888.4435 7491532.0888
376804.2405 7491564.5374
376753.1075 7491650.5996
376734.2216 7491625.1782
376736.9280 7491525.1084
376739.6345 7491425.0386
376770.5023 7491332.0116
376772.5632 7491232.2512
376773.1848 7491132.1467
376776.2012 7491032.0918
376736.9421 7490958.0383
376646.7174 7490971.5922
376634.2816 7491053.8214
376672.1328 7491146.4960
376677.1125 7491236.9468
376619.4873 7491317.8756
376549.3150 7491389.2698
376460.3146 7491433.4349
376457.0735 7491533.2573
376450.6961 7491614.1610
376411.2406 7491522.2633
376356.3390 7491440.2775
376280.9158 7491412.0998
376271.0924 7491490.0199
376241.2347 7491394.4698
376208.3099 7491300.1511
376146.8240 7491239.0431
376046.7869 7491242.7668
375946.7498 7491246.4904
375846.7127 7491250.2140
375765.2069 7491223.9659
375723.8337 7491132.8092
375682.4605 7491041.6525
375628.9898 7490959.9461
375550.5586 7490897.7381
375472.1274 7490835.5300
375468.3749 7490748.2759
375493.4374 7490651.3575
375518.4999 7490554.4392
375555.3978 7490462.0622
375601.5987 7490373.2547
375616.9340 7490275.6181
375674.9849 7490194.0621
375733.0358 7490112.5061
375791.0868 7490030.9502
375862.4608 7489966.0929
375900.6657 7489905.6801
375845.7669 7489825.4065
375767.5007 7489762.9911
375702.5640 7489690.6558
375665.2499 7489597.7637
375627.9357 7489504.8716
375590.6216 7489411.9795
375553.7777 7489318.9022
375483.9471 7489249.9387
375388.6893 7489227.6335
375289.4459 7489214.5171
375190.2025 7489201.4007
375106.0401 7489168.4283
375082.3196 7489073.5748
375049.6594 7488994.2656
374962.6617 7488944.7410
374878.9075 7488915.7965
374815.5637 7488992.3414
374777.6363 7489084.9848
374739.7088 7489177.6282
374701.7814 7489270.2716
374647.1522 7489344.6465
374577.4097 7489395.6136
374566.2219 7489495.0928
374555.0341 7489594.5721
374543.8463 7489694.0513
374520.1725 7489789.9193
374488.9854 7489883.7848
374523.3250 7489966.5741
374594.7458 7490036.7195
374666.1665 7490106.8648
374736.6540 7490177.8663
374801.4064 7490254.1712
374862.8884 7490332.0039
374905.2956 7490422.6842
374947.7028 7490513.3645
374990.1101 7490604.0448
374933.2636 7490657.3402
374841.5704 7490697.5103
374755.3542 7490744.7394
374693.1348 7490823.1491
374628.7067 7490899.7671
374564.2787 7490976.3851
374499.8506 7491053.0030
374430.4787 7491091.3352
374347.0084 7491074.5678
374306.7272 7491151.8096
374370.7285 7491201.5561
374440.1256 7491267.4918
374500.1556 7491347.6023
374560.1856 7491427.7127
374620.2156 7491507.8232
374655.4211 7491600.8911
374723.5250 7491673.1175
374820.7141 7491692.8887
374920.3046 7491703.0386
375018.4123 7491687.2148
375116.2005 7491665.7964
375183.3856 7491683.4511
375186.0192 7491783.5228
375208.5705 7491880.8763
375247.3177 7491973.1691
375279.7243 7492056.9081
375199.8782 7492005.3169
375141.3927 7492073.4594
375176.8734 7492140.0249
375269.5900 7492177.7731
375341.0688 7492247.6576
375413.4439 7492316.8178
375485.6091 7492386.1288
375528.2352 7492476.6852
375584.4849 7492559.4882
375634.7353 7492646.0687
375684.9858 7492732.6492
375717.7332 7492820.2719
375678.1124 7492912.2038
375638.4915 7493004.1357
375598.8706 7493096.0676
375512.9664 7493117.3870
375412.8607 7493117.0396
375312.7549 7493116.6922
375213.9427 7493114.2528
375153.3176 7493038.6301
375070.1144 7492982.9658
375005.0759 7492910.9335
374933.8347 7492876.4036
374842.7528 7492916.5923
374783.1111 7492884.0956
374711.1204 7492832.1352
374619.9862 7492863.6584
374539.2424 7492922.2495
374541.6637 7493011.6386
374612.9825 7493079.1686
374710.1981 7493092.3519
374810.0980 7493098.7781
374908.5295 7493116.5005
375008.3596 7493121.0244
375108.4418 7493123.2280
375195.1003 7493169.3890
375279.3395 7493223.4728
375363.5786 7493277.5566
375448.8769 7493329.7828
375538.2913 7493374.7977
375627.6048 7493420.0126
375716.9183 7493465.2275
375806.2318 7493510.4424
375901.6220 7493535.6766
375996.0309 7493568.9669
376090.4398 7493602.2571
376156.4288 7493677.0950
376238.6390 7493734.1138
376338.2517 7493727.4673
376424.5443 7493691.6828
376434.8744 7493595.4607
376404.6473 7493500.0269
376374.4203 7493404.5931
376390.8120 7493336.5531
376481.9503 7493345.0194
376560.2310 7493407.4112
376639.1781 7493468.9631
376718.1252 7493530.5151
376804.4508 7493577.9531
376823.2663 7493541.9206
376779.1821 7493452.0437
376735.0978 7493362.1668
376687.3168 7493274.2175
376638.8544 7493186.6237
376618.7686 7493122.3565
376714.0845 7493152.9532
376801.2646 7493158.3407
376873.5379 7493095.4391
376968.4909 7493063.7339
377065.8044 7493086.3545
377163.1496 7493109.7040
377260.5268 7493132.9054
377358.8365 7493151.7854
377457.3105 7493169.7657
377556.5411 7493182.1397
377656.2052 7493173.1202
377754.3440 7493153.3703
377852.4829 7493133.6204
377950.7195 7493121.2335
378041.4156 7493117.1283
378120.1602 7493076.9259
378219.7542 7493087.0409
378319.3483 7493097.1559
378418.9423 7493107.2709
378493.9628 7493161.6629
378579.0162 7493209.0285
378675.0950 7493236.6477
378772.0816 7493261.4445
378871.3876 7493273.2374
378970.9553 7493283.4728
379035.2527 7493206.8266
379079.6508 7493117.7434
379161.3454 7493059.8878
379243.0401 7493002.0322
379324.7347 7492944.1766
379381.7935 7492866.9540