576832.3643 7659504.7755
576838.8502 7659325.3158
576744.9329 7659154.7980
576608.0001 7659016.8099
576444.3596 7658909.1868
576280.0356 7658802.3781
576122.0126 7658685.8389
575973.5341 7658557.5155
575815.4388 7658441.2802
575629.2981 7658383.6524
575438.4528 7658337.5091
575263.3106 7658390.8537
575321.1086 7658578.2623
575355.1944 7658771.6293
575460.5195 7658929.4360
575610.3186 7659055.9683
575763.1337 7659179.2574
575922.0564 7659294.4997
576081.9034 7659408.5242
576250.2291 7659509.4148
576441.7244 7659542.0529
576637.0392 7659524.7938
576832.3643 7659504.7755