559125.5422 7659392.7758
558971.6507 7659518.2955
558942.7419 7659713.7481
558971.7139 7659910.9121
558843.8013 7660039.6855
558860.0854 7660215.1791
558919.7284 7660405.2891
559005.8143 7660583.0812
559176.4058 7660684.3263
559370.2052 7660730.7461
559564.0046 7660777.1659
559754.1804 7660831.6249
559917.3104 7660946.0872
560080.4403 7661060.5494
560243.5703 7661175.0117
560390.2095 7661299.8436
560424.7632 7661496.0746
560465.1163 7661691.2274
560513.3686 7661884.2387
560577.1115 7662073.0503
560640.8544 7662261.8620
560587.3668 7662446.2212
560509.4861 7662629.6541
560440.5864 7662816.3818
560327.7047 7662976.2279
560194.7990 7663124.7172
560068.5627 7663001.3020
559920.0932 7662868.7829
559786.3352 7662996.4068
559680.3456 7663159.6126
559628.5472 7663352.0442
559576.7489 7663544.4759
559524.9506 7663736.9075
559486.8317 7663931.8856
559525.9673 7664115.9435
559651.0388 7664269.0596
559811.1720 7664384.1508
559974.6947 7664377.2745
560117.3963 7664238.1730
560260.0980 7664099.0714
560352.4947 7663939.1806
560349.6263 7663739.9201
560346.7578 7663540.6595
560402.2909 7663367.1994
560551.5304 7663235.1366
560678.0115 7663085.2956
560815.3005 7662957.2292
560998.2957 7662878.3257
561181.2909 7662799.4222
561364.2860 7662720.5187
561554.7728 7662690.9435
561683.1716 7662624.1714
561707.4338 7662426.3727
561731.6959 7662228.5739
561755.6785 7662030.7419
561752.3297 7661836.5680
561672.5665 7661653.9724
561588.1496 7661473.4544
561503.7326 7661292.9363
561454.6465 7661104.3241
561419.9316 7660911.5062
561273.0406 7660821.4100
561078.1868 7660845.9149
560915.5450 7660770.6418
560767.2735 7660637.4931
560619.0020 7660504.3444
560470.7306 7660371.1958
560327.4317 7660232.7255
560184.3607 7660094.0039
560041.2898 7659955.2822
559932.0047 7659800.0208
559859.0473 7659626.6589
559691.6350 7659521.7643
559514.9924 7659429.5126
559323.6627 7659375.1559
559125.5422 7659392.7758