397009.9818 7503924.3993
396974.6332 7504017.7817
396963.6754 7504117.1317
396952.7176 7504216.4818
396946.2343 7504315.6962
396962.5905 7504414.2920
396975.9344 7504513.3498
396989.2784 7504612.4076
396948.2657 7504669.6628
396911.2100 7504738.3720
396908.6618 7504838.2920
396906.1137 7504938.2121
396812.9505 7504960.2708
396714.5527 7504977.8316
396622.6968 7505008.3588
396553.5944 7505080.1693
396499.4669 7505163.6742
396480.2743 7505256.5660
396516.9762 7505348.3963
396566.7614 7505435.0677
396616.5467 7505521.7391
396670.1326 7505606.0356
396726.2078 7505688.7766
396782.2830 7505771.5177
396809.7849 7505866.1250
396828.8211 7505964.2480
396847.8573 7506062.3710
396838.4722 7506160.7835
396831.4302 7506260.3618
396906.8556 7506307.7025
396992.4740 7506359.0592
397077.5291 7506411.5580
397162.4804 7506464.2242
397247.2388 7506517.2008
397331.9971 7506570.1774
397414.8760 7506625.9240
397495.4205 7506685.1109
397575.9650 7506744.2979
397661.3959 7506795.2719
397756.8680 7506815.4324
397856.7994 7506814.0212
397956.7130 7506811.2305
398056.6265 7506808.4398
398156.0181 7506814.8318
398254.9718 7506828.9267
398353.9256 7506843.0216
398439.8609 7506885.6940
398515.4375 7506951.1057
398591.0141 7507016.5173
398664.7390 7507083.9754
398737.3560 7507152.6579
398809.9729 7507221.3404
398858.5717 7507305.8266
398892.9122 7507399.6948
398927.2526 7507493.5631
398947.2619 7507591.0258
398961.2871 7507689.9894
398975.3123 7507788.9530
398983.7759 7507888.4846
399010.9721 7507983.7308
399068.7384 7508063.8877
399134.1156 7508139.4941
399205.1256 7508209.6993
399288.6611 7508263.7047
399375.3599 7508313.4423
399462.0586 7508363.1800
399511.2577 7508446.3940
399550.8790 7508538.1581
399590.5004 7508629.9222
399646.2548 7508712.5936
399703.9380 7508794.2216
399761.5830 7508875.8768
399819.2279 7508957.5319
399836.6089 7509055.4945
399897.7616 7509133.7875
399980.0740 7509190.4879
400065.8710 7509241.7647
400153.2410 7509290.3135
400240.6613 7509338.7522
400334.5564 7509373.0190
400428.1039 7509407.8409
400499.9161 7509477.3644
400571.7282 7509546.8879
400643.0561 7509616.9000
400720.7015 7509676.4857
400814.4774 7509711.0776
400908.2532 7509745.6694
400996.8675 7509789.9165
401077.7220 7509848.6792
401158.5765 7509907.4419
401234.7926 7509971.5348
401304.1605 7510043.4974
401373.5283 7510115.4599
401451.1750 7510176.3861
401543.6093 7510212.1290
401640.5979 7510236.1552
401736.8823 7510262.9844
401833.1668 7510289.8137
401924.2522 7510328.4642
402009.1123 7510381.2777
402093.9876 7510434.0669
402180.4336 7510484.1250
402268.7432 7510530.9430
402361.2422 7510566.7674
402458.3132 7510590.5946
402556.2891 7510609.7481
402655.3641 7510611.1292
402753.6025 7510593.5194
402850.8995 7510570.6326
402948.6295 7510549.7628
403046.7469 7510530.6977
403144.8643 7510511.6326
403243.6389 7510509.4845
403343.3014 7510514.2365
403443.2473 7510513.1733
403543.1891 7510511.7134
403643.1310 7510510.2534
403717.9011 7510461.0443
403728.2699 7510364.4775
403654.0506 7510311.3865
403566.6449 7510262.9019
403479.2393 7510214.4172
403412.4187 7510145.2158
403363.3775 7510058.1212
403314.3363 7509971.0266
403318.5602 7509879.6780
403345.2425 7509783.5542
403331.2908 7509688.1022
403261.7573 7509679.9941
403187.1919 7509746.5561
403133.5047 7509703.5358
403088.6740 7509614.2013
403045.4275 7509524.0889
403002.1810 7509433.9765
402969.0386 7509341.1224
402958.9704 7509241.7189
402944.5531 7509142.8116
402930.1358 7509043.9043
402936.6887 7508947.5082
402961.2726 7508851.9279
402936.9591 7508762.0762
402857.8548 7508707.9999
402760.3068 7508699.2973
402661.4803 7508694.5216
402563.1783 7508676.4319
402536.8955 7508630.8404
402598.1191 7508551.8329
402599.6970 7508470.5653
402533.2784 7508397.0913
402457.8519 7508331.5067
402382.4254 7508265.9220
402391.4180 7508180.1568
402429.0285 7508087.5503
402466.6390 7507994.9438
402546.6835 7507940.9328
402635.3198 7507894.7364
402723.9561 7507848.5399
402822.1055 7507833.7477
402893.7612 7507767.6495
402963.2058 7507695.7611
403032.6504 7507623.8726
403096.6968 7507547.9410
403143.7395 7507459.8534
403184.8326 7507368.7388
403225.9258 7507277.6243
403266.7783 7507186.4025
403307.0625 7507094.9274
403343.6546 7507002.1083
403367.8976 7506905.3123
403383.5842 7506806.5984
403399.2708 7506707.8844
403400.6801 7506609.3691
403402.4516 7506510.9905
403428.6859 7506420.0944
403519.8780 7506381.0695
403580.3315 7506305.5914
403603.5799 7506208.4580
403608.5494 7506110.2811
403563.1875 7506033.4607
403469.3753 7505998.9676
403462.7727 7505931.1548
403504.9593 7505840.6342
403493.4917 7505748.7708
403417.8502 7505731.4004
403379.1066 7505823.5386
403340.3839 7505915.6854
403302.1824 7506008.0443
403266.9461 7506101.5799
403242.7090 7506121.6314
403236.4046 7506021.8779
403230.1001 7505922.1244
403237.0737 7505823.4877
403221.3921 7505788.0522
403189.3452 7505882.7279
403155.8281 7505976.8565
403118.1767 7506069.4463
403080.5252 7506162.0362
403019.8378 7506232.5225
402948.1222 7506294.5217
402902.2977 7506383.3327
402856.9130 7506472.3762
402810.2202 7506560.7520
402763.5273 7506649.1278
402693.2852 7506713.1611
402603.4116 7506756.9018
402530.2766 7506824.0041
402459.9600 7506895.0398
402451.0963 7506839.3941
402402.9473 7506756.3320
402391.0809 7506676.3174
402450.7005 7506596.0927
402511.7546 7506517.0934
402581.6845 7506445.6769
402651.6143 7506374.2604
402725.1590 7506307.5328
402798.7879 7506247.9557
402822.9440 7506150.9802
402843.0501 7506053.0893
402859.6480 7505954.5245
402899.1316 7505867.0771
402966.3495 7505793.1024
403018.5197 7505722.3919
402922.1051 7505707.6546
402822.1896 7505710.0103
402722.2440 7505711.1834
402622.2984 7505712.3565
402574.3477 7505642.8599
402545.7251 7505547.0932
402517.1025 7505451.3266
402574.1511 7505370.9629
402598.4084 7505274.2167
402621.7033 7505177.0167
402637.9941 7505079.6987
402612.0362 7504984.2420
402558.9909 7504899.7189
402516.8999 7504809.0610
402474.8088 7504718.4031
402436.7852 7504626.1184
402397.5335 7504534.6432
402329.5952 7504469.4353
402241.8766 7504422.7774
402157.9185 7504374.7576
402147.4530 7504456.3464
402166.2698 7504554.5118
402193.3419 7504650.6049
402236.6982 7504740.2721
402284.4590 7504828.0753
402332.2199 7504915.8786
402305.7328 7505004.1636
402271.4707 7505098.0039
402243.5413 7505193.9444
402224.3558 7505292.0384
402206.5385 7505390.3159
402199.1851 7505489.9976
402191.8317 7505589.6792
402181.4758 7505688.9168
402159.6572 7505786.4589
402137.8386 7505884.0009
402094.7668 7505968.0032
402012.1011 7506023.7589
401925.1981 7506073.1388
401850.2378 7506132.5356
401819.7685 7506227.5945
401797.1792 7506324.9610
401774.5899 7506422.3275
401748.4181 7506518.6164
401713.5458 7506612.2883
401678.6735 7506705.9602
401648.2800 7506801.0165
401639.4787 7506898.9368
401650.4094 7506998.2775
401659.6854 7507097.7987
401664.1385 7507197.1145
401648.9018 7507295.7882
401642.4077 7507395.5296
401635.9136 7507495.2709
401606.4745 7507557.2365
401514.9697 7507517.0198
401510.1296 7507426.2352
401498.6571 7507327.3336
401456.4919 7507237.3736
401394.6877 7507293.2562
401366.7906 7507386.0426
401371.6386 7507485.8724
401377.3978 7507585.6588
401383.1569 7507685.4453
401340.9473 7507772.8343
401287.5597 7507857.3345
401234.1722 7507941.8346
401186.9075 7507874.6149
401175.2695 7507786.0950
401221.4979 7507697.4759
401256.6237 7507605.0430
401243.2998 7507514.1237
401165.9876 7507461.3575
401067.0802 7507451.1142
400975.1264 7507478.1882
400891.8508 7507533.4665
400808.5753 7507588.7448
400724.0953 7507583.8253
400638.6753 7507531.9222
400553.2553 7507480.0191
400490.0807 7507405.5759
400437.0577 7507320.8465
400384.0348 7507236.1171
400348.8830 7507143.3241
400320.4411 7507047.5037
400291.9993 7506951.6832
400298.6745 7506853.6863
400315.0674 7506755.0872
400331.4604 7506656.4882
400349.8951 7506558.2563
400370.0048 7506460.3495
400390.4183 7506362.5037
400410.8318 7506264.6579
400442.0790 7506169.8918
400476.1869 7506075.9388
400499.7768 7505978.9661
400483.5963 7505881.5794
400413.7715 7505813.8901
400316.1622 7505831.0147
400218.0577 7505850.1459
400121.5321 7505873.0805
400040.7234 7505931.3313
399974.5832 7506006.2712
399915.7591 7506085.2576
399890.0941 7506181.7021
399872.7465 7506279.9997
399845.1500 7506376.0671
399817.5536 7506472.1345
399778.3391 7506561.7118
399712.2480 7506636.6517
399645.4652 7506710.5916
399569.8244 7506775.9290
399494.1837 7506841.2664
399407.2117 7506874.2558
399307.8150 7506879.1384
399208.9653 7506893.9450
399110.1155 7506908.7515
399018.0739 7506888.9266
398932.1851 7506837.8030
398846.2963 7506786.6794
398793.6666 7506704.7726
398724.0300 7506634.7683
398629.8415 7506603.4695
398533.9343 7506575.3215
398439.7052 7506544.7575
398379.8473 7506464.7104
398319.9893 7506384.6634
398258.2114 7506306.4103
398182.4039 7506241.2664
398106.5963 7506176.1225
398040.6414 7506105.9792
398032.8301 7506006.3324
398025.0188 7505906.6855
398022.8590 7505807.3771
398040.5691 7505709.0810
398043.0196 7505610.3475
398013.5288 7505514.9286
397976.6559 7505422.0260
397939.7830 7505329.1234
397920.2904 7505235.0911
397944.8269 7505138.1970
397969.3634 7505041.3029
398015.0545 7504961.0863
398103.5451 7504914.6114
398192.0357 7504868.1365
398272.5122 7504811.5200
398319.4282 7504727.6062
398300.1426 7504637.6468
398230.1437 7504567.4257
398156.9518 7504500.2106
398091.9211 7504424.3060
398026.8903 7504348.4014
398024.5700 7504255.6989
398016.8260 7504157.1583
398001.6386 7504058.3670
397986.5793 7503959.5554
397974.4544 7503860.6179
397972.4708 7503762.7826
397912.2211 7503701.2137
397817.9816 7503731.7213
397729.3212 7503777.8716
397640.6609 7503824.0219
397550.8611 7503804.9856
397460.6422 7503761.9619
397364.1149 7503768.2283
397265.9686 7503787.1445
397167.8224 7503806.0606
397079.4979 7503852.6147
397009.9818 7503924.3993