405851.1066 7517574.3662
405845.8113 7517477.7995
405796.2499 7517389.9781
405748.8514 7517301.3687
405714.2926 7517206.6165
405679.7338 7517111.8643
405645.1750 7517017.1121
405652.1135 7516918.1699
405638.3844 7516818.9814
405609.7484 7516722.3672
405579.3930 7516626.1860
405549.0376 7516530.0047
405571.3517 7516433.0638
405598.9211 7516336.0472
405626.4905 7516239.0306
405665.2662 7516145.9265
405659.9221 7516045.2419
405641.4138 7515946.1228
405609.0533 7515850.5975
405576.6928 7515755.0722
405543.1703 7515660.2151
405476.6974 7515584.3721
405405.5564 7515512.9037
405327.2469 7515451.3651
405227.3876 7515465.4721
405130.6108 7515488.1427
405058.0839 7515558.2293
404985.5570 7515628.3160
404910.0234 7515693.6583
404815.6829 7515729.3259
404721.3425 7515764.9936
404629.1457 7515804.9022
404552.6905 7515867.5132
404508.9947 7515957.5174
404500.8916 7516055.1181
404541.1618 7516146.1381
404606.0079 7516223.3130
404674.7130 7516297.1500
404744.4370 7516369.9953
404817.9614 7516438.9485
404894.9166 7516504.1420
404971.8717 7516569.3355
405018.5948 7516645.6675
405002.3319 7516745.2055
404972.2861 7516840.6015
404930.9858 7516932.6155
404933.2313 7517028.9135
405015.9340 7517056.9993
405116.5356 7517064.1832
405203.0147 7517092.1257
405245.5850 7517183.5371
405284.9958 7517276.3761
405324.4067 7517369.2151
405379.1489 7517451.5964
405456.8695 7517515.1583
405549.9058 7517545.5786
405650.3061 7517555.1745
405750.7064 7517564.7703
405851.1066 7517574.3662