453649.7522 7443906.8155
453564.3830 7443618.6186
453371.9816 7443386.4745
453132.1909 7443205.2264
452845.6297 7443109.6001
452556.6050 7443021.8069
452264.0630 7442964.0363
451976.7423 7443057.3802
451689.4216 7443150.7240
451397.1178 7443218.6262
451112.1091 7443290.4662
450855.9383 7443450.5999
450596.3359 7443470.2526
450316.8581 7443368.1543
450114.4715 7443500.5294
449998.4256 7443779.3294
449898.9160 7443988.9155
449879.9459 7443687.4086
449824.3544 7443423.6044
449542.1369 7443486.9008
449370.1744 7443705.8455
449360.8348 7444002.4333
449390.2727 7444302.2163
449395.5624 7444604.2731
449400.8521 7444906.3299
449406.1418 7445208.3867
449395.6325 7445498.6952
449577.9715 7445707.2058
449880.0681 7445705.2162
450182.1646 7445703.2266
450475.3397 7445630.4510
450759.8907 7445528.9941
451042.7182 7445422.8114
451310.0156 7445282.0575
451577.2408 7445141.1426
451844.4659 7445000.2276
452120.7386 7444878.0079
452383.5895 7444729.1077
452631.4089 7444556.3429
452879.1496 7444383.4533
453138.4219 7444228.3997
453397.7559 7444073.4413
453649.7522 7443906.8155