457135.4740 7450362.0098
457340.3269 7450147.4105
457432.2954 7449864.3733
457440.6454 7449570.3467
457307.7586 7449304.7677
457116.4848 7449076.2528
456925.1207 7448851.3001
456809.9270 7448576.3265
456694.7333 7448301.3529
456579.5396 7448026.3792
456426.4022 7447775.4374
456220.8649 7447559.6914
456007.8936 7447351.0690
455794.9222 7447142.4467
455580.4884 7446935.3390
455364.5345 7446729.8056
455163.8701 7446510.3942
454979.9819 7446275.7346
454795.9096 7446041.2192
454608.0955 7445809.7430
454386.8216 7445615.3078
454134.5903 7445456.3756
453875.4995 7445472.5393
453738.2865 7445703.0672
453667.0270 7445992.1788
453586.2002 7446279.1406
453505.3734 7446566.1024
453424.5465 7446853.0643
453213.2599 7447058.3966
453225.2563 7447340.3816
453484.4383 7447452.8885
453764.3414 7447555.4886
454044.0350 7447658.6949
454323.7287 7447761.9012
454513.1465 7447901.3221
454382.3197 7448169.2110
454251.4929 7448437.0998
454120.6661 7448704.9886
454153.1853 7448994.0096
454354.8190 7449200.3125
454634.4208 7449279.0912
454929.1834 7449323.7569
455223.9461 7449368.4226
455518.7088 7449413.0883
455674.1969 7449647.4148
455826.8994 7449903.2740
456019.5351 7450130.1862
456259.9540 7450305.1065
456543.8033 7450392.4114
456841.0899 7450407.4999
457135.4740 7450362.0098