438864.5203 7436144.0737
439085.8001 7436340.7212
439311.6462 7436532.1109
439537.4923 7436723.5006
439763.3383 7436914.8903
439994.6524 7437098.1483
440255.0020 7437238.7019
440503.3398 7437399.8378
440751.6777 7437560.9737
441000.0156 7437722.1095
441245.8574 7437886.5900
441469.3502 7438059.9006
441657.8326 7437831.6226
441676.9996 7437590.0535
441526.4455 7437335.1615
441375.8914 7437080.2695
441225.3373 7436825.3775
441017.7755 7436614.5820
440786.1551 7436430.5334
440526.7671 7436289.3936
440241.2120 7436219.7967
439949.7756 7436167.8229
439658.3391 7436115.8491
439366.9027 7436063.8753
439086.2241 7435970.8260
438864.5203 7436144.0737