445698.9189 7437042.8837
445659.3907 7437336.7526
445786.3454 7437605.6850
446021.5740 7437790.5657
446248.1011 7437986.0385
446474.6282 7438181.5113
446640.9010 7438384.6782
446470.7628 7438630.8024
446300.6246 7438876.9266
446111.5881 7439106.2374
445888.0654 7439305.1248
445730.8445 7439540.3481
445764.4126 7439821.5025
445935.1013 7440065.6821
446133.8156 7440289.3710
446332.5299 7440513.0600
446555.2801 7440706.9856
446831.9617 7440793.3737
447131.1624 7440795.1181
447430.3632 7440796.8625
447716.7303 7440853.2625
447985.4384 7440984.8684
448254.1464 7441116.4743
448528.7191 7441233.9912
448818.1365 7441298.2026
449112.5366 7441274.3500
449394.4355 7441176.8295
449658.1187 7441037.1649
449885.4730 7440847.2404
450080.1635 7440620.0455
450273.5352 7440391.7223
450466.9070 7440163.3990
450660.6633 7439935.4028
450788.8788 7439678.1035
450803.9166 7439380.6193
450761.3112 7439085.9612
450617.8704 7438838.1432
450357.2289 7438714.0427
450063.8091 7438655.4853
449770.3893 7438596.9280
449494.5449 7438484.7639
449223.4124 7438358.2282
448952.2798 7438231.6924
448689.4987 7438088.9472
448422.3855 7437954.3560
448148.5026 7437834.0557
447862.6937 7437747.3088
447566.5518 7437711.6168
447268.8887 7437681.5340
446971.4289 7437649.2564
446673.9692 7437616.9787
446445.3354 7437436.4158
446225.7139 7437233.2231
445988.3856 7437051.3700
445698.9189 7437042.8837