457898.0383 7463316.8245
457710.6253 7463080.7636
457502.5786 7462862.6454
457294.5320 7462644.5271
457085.7615 7462427.1328
456859.7523 7462238.9176
456559.1883 7462252.6333
456313.4891 7462219.8525
456204.4941 7461946.0853
456008.7628 7461718.6066
455795.8106 7461505.5353
455591.0040 7461284.3720
455386.1973 7461063.2086
455151.8233 7460884.5951
454871.6225 7460773.5626
454579.4194 7460738.3050
454278.8430 7460760.9503
453978.2666 7460783.5956
453677.3752 7460799.3493
453388.8848 7460858.3092
453243.4960 7461066.9626
453302.9044 7461359.1331
453413.2168 7461639.3571
453533.0366 7461915.9474
453652.8564 7462192.5377
453797.1136 7462452.8082
454012.8573 7462662.7457
454261.2803 7462825.5190
454549.3761 7462914.1744
454815.8578 7463037.7550
455023.7306 7463256.0389
455231.6034 7463474.3228
455439.4763 7463692.6068
455683.7622 7463862.5420
455973.1958 7463903.5438
456273.6064 7463880.1273
456573.6703 7463851.4807
456873.7342 7463822.8340
457174.7712 7463810.5131
457446.4425 7463694.8189
457709.5100 7463547.6644
457898.0383 7463316.8245