456487.4141 7480331.6395
456586.2290 7480051.5637
456568.9265 7479753.6825
456551.6241 7479455.8014
456534.3217 7479157.9202
456495.4143 7478862.9876
456398.9404 7478583.1432
456264.7884 7478316.6177
456130.6365 7478050.0923
455996.4845 7477783.5668
456049.6693 7477516.0304
456180.9369 7477248.0726
456032.8936 7477013.2174
455819.7435 7476805.0183
455655.2996 7476941.0050
455511.0142 7477202.1836
455411.1482 7477478.5499
455365.3222 7477773.3931
455319.4963 7478068.2364
455273.6703 7478363.0796
455126.8963 7478586.1525
454863.4680 7478726.2885
454600.0397 7478866.4245
454336.6114 7479006.5605
454094.1557 7478865.6537
453834.6643 7478718.6011
453574.0967 7478573.2150
453313.5292 7478427.8288
453052.9617 7478282.4427
453162.9156 7478007.3325
453275.8918 7477731.1642
453388.8680 7477454.9958
453566.4373 7477271.8443
453708.1900 7477161.6098
453568.0330 7476900.0437
453376.6806 7476672.9710
453161.7505 7476466.0013
452946.0884 7476259.7916
452730.4263 7476053.5819
452534.7953 7475835.5292
452458.0574 7475547.1824
452329.8225 7475285.1449
452125.2268 7475069.6148
451890.7276 7475008.9886
451644.3289 7475177.2748
451564.2939 7475456.3015
451420.2077 7475717.5901
451276.1214 7475978.8787
451132.0352 7476240.1673
450919.2505 7476394.0608
450960.4200 7476635.4223
451186.6657 7476820.5216
451431.0285 7476991.7506
451618.5279 7477222.2028
451799.5460 7477459.4053
451980.5640 7477696.6078
452159.5005 7477935.3457
452332.6786 7478178.3311
452505.8566 7478421.3166
452700.2148 7478645.6457
452922.1091 7478845.0941
453149.9146 7479037.7509
453419.3318 7479140.2732
453715.4962 7479108.5845
454011.7293 7479072.8278
454308.9557 7479084.2860
454606.4305 7479107.5520
454903.9053 7479130.8180
455201.3801 7479154.0840
455376.5384 7479389.6459
455403.3825 7479631.7122
455543.4614 7479868.7090
455724.7110 7480105.7346
455929.7629 7480322.2758
456207.0284 7480426.2701
456487.4141 7480331.6395