474132.1281 7480534.7679
474312.7927 7480296.8218
474408.4287 7480013.7946
474411.8176 7479715.0962
474299.9330 7479438.1896
474143.9406 7479183.4197
473987.6423 7478928.8045
474183.5647 7478705.4881
474396.6419 7478720.3124
474657.4733 7478848.5616
474922.9547 7478755.9200
475004.1711 7478496.5280
474907.9753 7478213.6774
474811.7795 7477930.8269
474713.8571 7477648.7150
474574.8870 7477384.2823
474417.5370 7477130.3157
474260.1870 7476876.3491
474105.4012 7476621.2073
474015.7435 7476336.2169
473926.0858 7476051.2265
473834.1462 7475767.2021
473686.4094 7475510.2659
473412.7819 7475391.1668
473131.5445 7475290.3520
472850.3072 7475189.5373
472577.4853 7475068.5892
472308.1596 7474939.2767
472038.8339 7474809.9642
471773.3584 7474673.0190
471490.7952 7474581.1787
471197.9371 7474599.2133
470901.3054 7474633.2444
470603.8759 7474661.4185
470306.4465 7474689.5927
470069.8234 7474514.9786
469836.9683 7474327.7980
469582.6457 7474171.2988
469327.0059 7474016.6820
469071.3661 7473862.0653
468836.8411 7473677.1730
468569.8705 7473543.8547
468301.1085 7473413.3746
468028.4910 7473295.4110
467733.4764 7473272.0637
467440.8999 7473332.5372
467148.3234 7473393.0107
466851.2863 7473418.4349
466553.1868 7473438.1583
466302.9922 7473547.6136
466122.0761 7473785.3685
466127.0332 7474070.2704
466238.4975 7474346.1574
466444.7128 7474549.4623
466727.2850 7474646.4724
467009.8573 7474743.4825
467292.4296 7474840.4926
467452.3362 7475090.5619
467610.0766 7475344.0388
467832.6213 7475539.5244
468096.2484 7475680.0904
468359.8755 7475820.6564
468445.4980 7476052.1434
468481.5612 7476342.0363
468568.4008 7476627.8980
468655.2404 7476913.7597
468834.4677 7477144.9442
469056.0609 7477345.0963
469281.1079 7477541.5955
469506.1549 7477738.0946
469652.6223 7477994.8477
469800.6619 7478254.2163
469973.3961 7478497.7152
470175.9158 7478716.8489
470403.0808 7478910.4677
470656.1379 7479068.3319
470913.6475 7479219.8140
471171.1571 7479371.2962
471385.7541 7479576.9687
471592.2231 7479792.9053
471803.7336 7480003.8827
472044.0486 7480180.3076
472301.6744 7480331.2826
472561.5491 7480478.6706
472821.4237 7480626.0585
473082.8781 7480770.6186
473357.3919 7480887.7786
473652.2376 7480887.8765
473893.2541 7480714.2039
474132.1281 7480534.7679