567114.4895 7647414.9505
566956.8623 7647536.6265
566853.5754 7647706.1669
566887.5939 7647902.4565
566927.8763 7648097.5582
566967.9330 7648292.6934
566985.7984 7648491.1076
567003.6638 7648689.5218
567008.4905 7648877.0677
566810.1029 7648895.2262
566611.7153 7648913.3846
566416.2394 7648940.8187
566261.3540 7649050.7470
566256.0590 7649248.7291
566306.6860 7649441.0861
566328.0796 7649639.1509
566349.4733 7649837.2158
566259.4325 7649949.4739
566155.6902 7650090.8367
566123.8665 7650286.3883
566133.5061 7650484.5567
566280.8414 7650592.6320
566461.2377 7650677.1574
566641.6938 7650761.5545
566822.4720 7650845.2599
567003.2503 7650928.9654
567168.7902 7651029.1262
567266.1130 7651202.9527
567363.4358 7651376.7791
567434.0771 7651557.3352
567434.8769 7651756.4362
567487.1815 7651934.4490
567656.7142 7652034.6010
567842.4473 7652106.6469
568033.7061 7652159.7535
568231.2738 7652171.1810
568430.3549 7652163.8265
568628.5565 7652145.7731
568815.4886 7652084.2713
568838.4776 7651922.6961
568793.9368 7651728.5223
568749.3960 7651534.3484
568931.0920 7651488.9275
569127.0172 7651452.8624
569310.5113 7651492.2217
569498.3683 7651524.3725
569654.1471 7651424.6762
569782.6963 7651272.4839
569855.1070 7651095.1563
569868.2567 7650896.4039
569919.9064 7650755.1106
570110.1414 7650814.1660
570303.2449 7650846.3076
570487.2495 7650788.3963
570557.0883 7650631.2681
570451.7516 7650476.3299
570290.9246 7650358.7628
570130.0975 7650241.1956
569989.9004 7650100.6703
569855.8698 7649953.2824
569721.8393 7649805.8946
569592.9961 7649653.9791
569450.3876 7649515.0823
569305.6916 7649378.1500
569160.9956 7649241.2178
569041.7723 7649081.9851
568922.0752 7648922.7417
568789.2266 7648774.3859
568650.6998 7648631.2285
568511.7230 7648488.4951
568372.7462 7648345.7617
568251.5545 7648187.7250
568094.9706 7648064.9578
567937.0364 7647943.5323
567779.1023 7647822.1067
567632.3791 7647687.3654
567476.9372 7647562.7773
567309.4053 7647455.0119
567114.4895 7647414.9505