429675.7958 7421435.8911
429721.0868 7421930.9107
430069.7670 7422289.5843
430259.7490 7422753.7072
430449.7311 7423217.8300
430639.7132 7423681.9528
430579.0121 7424115.3601
430595.5181 7424521.4949
430949.6583 7424868.0897
431385.9309 7425108.6485
431870.6966 7425189.9103
432210.2104 7424875.9620
432500.7431 7424467.1908
432791.2759 7424058.4196
433054.6095 7423632.2929
433058.5263 7423171.2743
432789.0908 7422761.5849
432410.0012 7422436.9377
431984.5870 7422173.3442
431543.5205 7421934.6739
431102.4539 7421696.0036
430661.3874 7421457.3334
430177.0991 7421429.0368
429675.7958 7421435.8911