408017.0707 7387429.3646
408391.2789 7386788.6718
407975.6079 7386103.6402
407414.6547 7385525.2302
406853.7015 7384946.8203
406292.7483 7384368.4103
405731.7951 7383790.0004
405387.6971 7383154.8896
405593.7414 7382375.9337
405743.5512 7381587.6052
405644.2986 7380812.2254
405166.1343 7380194.6300
404461.6805 7379827.4565
403674.9821 7379723.6802
402921.1291 7379945.4659
402410.9071 7380518.3000
402214.8459 7381287.1394
402439.6444 7382021.8039
402897.7089 7382683.3370
403418.1577 7383297.5494
404094.0809 7383711.4663
404690.7580 7384235.4811
405239.0517 7384825.9052
405787.3453 7385416.3293
406335.6390 7386006.7533
406883.9327 7386597.1774
407264.8299 7387300.7663
408017.0707 7387429.3646