567512.6259 7639520.2551
567453.6642 7639712.0878
567448.1534 7639912.8400
567457.3091 7640113.4797
567466.4649 7640314.1194
567476.1673 7640514.7250
567495.6396 7640714.3215
567550.7277 7640907.3079
567630.0095 7641091.5684
567741.5664 7641256.6716
567895.3869 7641385.8203
568049.2073 7641514.9690
568203.0278 7641644.1177
568186.9860 7641770.4765
568029.0074 7641894.5042
567871.0288 7642018.5319
567709.5953 7642137.6044
567562.5072 7642265.7142
567478.3468 7642446.9756
567443.4584 7642642.2753
567452.1225 7642842.9369
567460.7866 7643043.5984
567467.6787 7643244.3128
567479.5624 7643444.4315
567525.0099 7643638.6040
567626.1236 7643807.7890
567788.3226 7643917.8287
567980.3537 7643976.6842
568175.1010 7644023.2942
568374.7579 7644043.1951
568575.4955 7644048.8127
568776.3134 7644047.3403
568961.0073 7643997.9597
569070.9422 7643843.4670
569080.3640 7643646.7322
569019.8883 7643457.3754
568921.9374 7643282.1405
568817.3413 7643110.6769
568784.1679 7642934.1270
568863.4109 7642749.5717
568942.6539 7642565.0164
569021.8969 7642380.4611
569039.5829 7642188.9572
569003.4752 7641991.3810
569089.9093 7641886.5663
569289.8686 7641867.6879
569411.6560 7641724.6763
569515.0787 7641552.5023
569572.9087 7641367.5699
569510.1955 7641188.1945
569378.1940 7641037.2384
569238.5655 7640892.8639
569088.8707 7640759.5216
568930.9651 7640635.4130
568769.9193 7640515.4286
568607.6065 7640397.1295
568445.2937 7640278.8304
568289.6323 7640152.0322
568135.7890 7640022.9106
567981.9457 7639893.7891
567840.6785 7639751.2169
567678.3270 7639633.7596
567512.6259 7639520.2551