599916.8941 7642629.0385
599888.8460 7642430.9691
599841.7799 7642236.5157
599793.9771 7642042.3062
599714.4239 7641858.9759
599584.7881 7641706.5886
599455.1523 7641554.2012
599332.1395 7641398.2153
599271.9406 7641207.6529
599184.8050 7641027.5564
599097.6695 7640847.4600
599012.3257 7640666.5899
598938.3846 7640480.8587
598842.9578 7640305.0565
598734.4319 7640137.5034
598595.8697 7639993.2447
598447.2783 7639859.5473
598282.3687 7639746.5265
598106.4906 7639651.1629
597930.6124 7639555.7992
597757.0525 7639456.9014
597599.7977 7639333.2206
597444.4650 7639207.1291
597289.1322 7639081.0375
597138.2740 7638950.6372
597018.1376 7638790.6542
596898.0012 7638630.6711
596777.5595 7638470.9206
596651.9353 7638315.5775
596506.8693 7638177.7979
596361.8034 7638040.0183
596216.9459 7637902.0214
596071.3906 7637764.9223
595915.4905 7637639.5329
595759.5904 7637514.1435
595620.1106 7637374.6655
595519.6217 7637201.6652
595413.3972 7637032.3938
595285.9291 7636879.2668
595137.7609 7636744.8294
594988.5922 7636611.5101
594833.4202 7636485.7190
594667.9926 7636373.1977
594502.5650 7636260.6764
594353.4816 7636131.2034
594234.6783 7635970.2288
594113.4557 7635811.0980
593988.8028 7635654.6084
593856.4189 7635505.2959
593702.8665 7635377.8364
593537.5146 7635265.2037
593372.1628 7635152.5710
593207.6275 7635038.7641
593044.4692 7634922.9766
592881.3110 7634807.1891
592725.5673 7634682.4994
592582.1832 7634542.9705
592438.7990 7634403.4415
592295.5804 7634263.7430
592152.6255 7634123.7742
592009.6707 7633983.8054
591863.0387 7633847.8592
591703.1755 7633728.6393
591531.6674 7633625.6238
591359.9454 7633522.9646
591184.5849 7633427.1112
590997.8940 7633358.6655
590801.8562 7633318.9304
590604.7864 7633284.4245
590406.4575 7633262.2596
590206.4608 7633256.9048
590006.4641 7633251.5500
589808.0145 7633232.2316
589610.2551 7633215.1716
589428.9155 7633276.7084
589277.9385 7633407.3514
589135.5625 7633547.9089
588993.1865 7633688.4665
588829.3842 7633801.5734
588667.4743 7633918.7449
588508.5095 7634040.2255
588349.5447 7634161.7061
588180.6820 7634268.7691
588111.8869 7634450.8976
588080.0301 7634648.2407
588050.9190 7634846.1798
588021.8079 7635044.1189
587962.5268 7635234.9708
587907.9456 7635427.4358
587854.0327 7635620.1033
587789.7322 7635809.5320
587724.5914 7635998.6986
587659.4506 7636187.8653
587573.7062 7636368.5693
587666.2269 7636542.2875
587761.4297 7636718.2527
587856.6326 7636894.2180
587947.8714 7637070.9912
587929.1353 7637270.1803
587910.3993 7637469.3695
587873.2146 7637661.0514
587748.7104 7637817.6264
587637.9898 7637983.0032
587566.4505 7638169.8440
587496.7665 7638357.3363
587442.9556 7638549.3771
587419.4912 7638747.9362
587380.7245 7638944.2128
587341.9578 7639140.4893
587282.1867 7639326.0561
587151.0697 7639476.6844
587039.0263 7639642.4186
586931.3413 7639811.0300
586825.6035 7639980.8737
586719.8656 7640150.7173
586603.6846 7640311.8036
586477.2438 7640459.9083
586404.1097 7640644.5993
586295.8246 7640812.8304
586187.5396 7640981.0614
586022.4967 7641071.1837
585911.4680 7641214.5210
585912.8673 7641412.3505
585926.0128 7641611.9865
585937.9377 7641811.2354
585813.2278 7641967.4786
585733.7625 7642150.6072
585704.0827 7642348.4618
585674.4029 7642546.3165
585635.3810 7642740.7799
585540.8025 7642915.0446
585512.2889 7643113.0707
585483.7753 7643311.0968
585443.9978 7643505.4127
585349.2463 7643681.6214
585254.4949 7643857.8302
585151.2622 7644027.8826
585013.0857 7644172.5707
584874.9093 7644317.2587
584735.9382 7644461.1675
584606.2809 7644610.7721
584523.6160 7644792.9423
584445.8041 7644977.2590
584367.9923 7645161.5758
584298.5392 7645348.5093
584286.7897 7645540.7494
584396.6165 7645698.8391
584572.9742 7645793.3130
584749.3318 7645887.7869
584891.9354 7646008.7957
584942.0995 7646202.4730
584992.2635 7646396.1504
584966.0473 7646581.9300
584916.4928 7646772.4556
584896.9423 7646971.5665
584877.3917 7647170.6773
584849.8615 7647368.7393
584897.1078 7647553.9358
585046.6804 7647674.2054
585228.2252 7647639.2379
585377.1911 7647506.7075
585523.7595 7647370.5273
585682.8050 7647254.2295
585869.1763 7647181.4759
586055.5476 7647108.7222
586246.1854 7647053.6031
586445.0914 7647032.1148
586642.0681 7646999.5693
586833.6974 7646942.8289
587017.0865 7646864.2006
587188.9497 7646762.0881
587354.9899 7646650.4727
587521.0302 7646538.8574
587676.9617 7646415.2906
587689.1571 7646284.5863
587522.0068 7646174.6402
587385.5531 7646049.3649
587398.0852 7645849.6895
587409.4455 7645649.9604
587415.1956 7645449.9747
587420.9457 7645249.9890
587449.6635 7645055.9556
587543.4380 7644879.2531
587641.8096 7644705.0395
587740.1813 7644530.8260
587844.9022 7644360.8031
587961.2828 7644198.3814
588064.0520 7644026.7252
588166.8211 7643855.0690
588277.9330 7643689.4201
588408.1421 7643537.5223
588538.3512 7643385.6245
588664.0179 7643230.1786
588779.8686 7643067.0653
588893.0279 7642902.1406
589007.6616 7642738.6774
589137.3468 7642586.3320
589267.0319 7642433.9866
589400.7106 7642285.2421
589531.0265 7642133.8269
589652.6187 7641974.9474
589774.2109 7641816.0679
589914.4329 7641676.1579
590075.4829 7641557.4556
590236.5330 7641438.7532
590394.3534 7641315.9055
590548.8401 7641188.7788
590703.3268 7641061.6521
590863.7302 7640942.4867
591030.0092 7640831.2274
591196.2883 7640719.9681
591377.0024 7640641.7755
591571.6403 7640595.4782
591753.0193 7640516.1507
591925.6467 7640415.0214
592098.2741 7640313.8921
592288.4868 7640267.7456
592487.7603 7640249.9285
592687.0337 7640232.1113
592728.4691 7640357.5695
592691.5052 7640554.1935
592649.5148 7640747.2231
592475.3995 7640845.7685
592301.2842 7640944.3139
592127.1104 7641042.7551
591952.7544 7641140.8171
591785.4255 7641250.3063
591630.2249 7641376.5606
591475.0244 7641502.8149
591320.9359 7641630.3281
591176.5840 7641768.8551
591033.0544 7641908.2344
590888.7207 7642046.7497
590739.4025 7642179.9091
590590.0843 7642313.0685
590439.1844 7642444.2949
590280.8878 7642566.4593
590134.1051 7642702.3486
589994.0252 7642845.1945
589855.5453 7642989.4987
589729.9635 7643144.8759
589623.9908 7643314.5609
589514.0088 7643481.6876
589404.0269 7643648.8143
589292.7909 7643815.0730
589176.7536 7643977.9928
589073.0962 7644148.8005
588989.9502 7644330.7733
588906.8043 7644512.7461
588826.6942 7644695.9496
588759.6571 7644884.4526
588692.6199 7645072.9555
588606.7801 7645249.0471
588459.7951 7645384.7775
588317.1931 7645524.6903
588193.6143 7645681.6259
588086.2850 7645850.4681
587985.5885 7646022.8975
587933.6260 7646208.9676
587988.2078 7646399.5502
588085.3984 7646574.4254
588182.5891 7646749.3006
588254.1877 7646932.3723
588276.6773 7647131.1726
588338.7748 7647313.6944
588476.8031 7647456.2695
588637.0359 7647576.0726
588796.4955 7647696.8924
588954.7454 7647819.3029
589114.7666 7647939.3330
589287.3498 7648037.2181
589474.7259 7648107.3432
589666.1823 7648162.6778
589863.0099 7648198.5418
590060.6793 7648228.7624
590256.4193 7648215.2891
590448.1993 7648158.3397
590635.1338 7648088.1621
590818.9186 7648009.2196
591004.5046 7647934.4856
591190.0907 7647859.7516
591380.7666 7647856.0975
591575.1077 7647903.6255
591772.7965 7647930.9509
591971.6110 7647919.6335
592170.2182 7647895.4975
592368.8253 7647871.3616
592564.6296 7647831.3829
592756.1235 7647773.8707
592946.5534 7647712.5208
593136.9833 7647651.1709
593335.2314 7647637.5655
593535.0684 7647628.4697
593734.8557 7647617.8688
593934.6430 7647607.2678
594132.2758 7647633.7046
594331.3835 7647652.0483
594531.2450 7647660.6415
594730.8532 7647649.7264
594928.1006 7647617.2101
595113.3985 7647543.7438
595274.8267 7647426.9027
595428.8516 7647299.2381
595581.6403 7647170.0762
595713.5446 7647020.1402
595824.3410 7646853.7873
595921.1640 7646678.7862
596014.6798 7646501.9199
596107.9513 7646324.9234
596201.2229 7646147.9269
596299.9794 7645973.9500
596399.6499 7645800.4762
596492.6888 7645623.3843
596580.3036 7645443.5313
596667.1965 7645263.3176
596754.0893 7645083.1039
596861.4811 7644914.5619
596972.1138 7644747.8654
597082.7466 7644581.1689
597209.7009 7644426.7424
597339.0985 7644274.1527
597468.4961 7644121.5630
597649.8093 7644044.7606
597838.8386 7643979.2222
598024.3187 7643904.2949
598208.9631 7643827.2648
598393.5597 7643750.1193
598578.1564 7643672.9739
598773.8497 7643712.1448
598951.8787 7643622.1642
599125.8522 7643523.3732
599268.6208 7643383.3350
599385.5426 7643221.0283
599502.1647 7643058.4656
599618.7868 7642895.9029
599767.7345 7642762.3755
599916.8941 7642629.0385