573977.9856 7625096.4906
574002.1349 7625281.1523
574137.7181 7625428.5953
574273.3012 7625576.0383
574388.7056 7625736.1809
574462.9904 7625922.2024
574537.2753 7626108.2239
574597.7353 7626298.2712
574634.9371 7626495.0916
574672.1390 7626691.9119
574695.4835 7626890.1494
574712.9873 7627088.9731
574779.3421 7627274.5806
574883.9662 7627445.3905
574988.5904 7627616.2003
575064.7950 7627799.0274
575114.4529 7627993.0798
575164.1107 7628187.1321
575175.2202 7628384.3333
575157.7123 7628583.8720
575140.2045 7628783.4107
575141.2130 7628983.1040
575153.8190 7629183.0080
575165.3478 7629382.9813
575176.8765 7629582.9546
575192.1469 7629782.6546
575297.6245 7629933.7383
575471.9226 7630030.6984
575652.4445 7630117.4975
575832.9663 7630204.2966
575985.7447 7630330.4890
576128.2881 7630471.2143
576295.0597 7630579.6292
576483.8689 7630643.4259
576679.8374 7630684.2646
576875.9234 7630660.1488
577073.3635 7630626.6126
577271.1253 7630594.7930
577461.4640 7630574.6730
577516.9168 7630767.1496
577572.3696 7630959.6261
577603.6732 7631153.0640
577563.6961 7631349.3395
577534.0028 7631546.6612
577541.7843 7631746.3762
577570.9894 7631944.5410
577600.1946 7632142.7058
577620.7428 7632341.6199
577642.9204 7632539.4437
577696.2467 7632732.4943
577753.4666 7632924.4529
577810.6865 7633116.4115
577871.7692 7633307.1123
577938.5547 7633495.9559
578005.3403 7633684.7995
578079.0597 7633870.8615
578161.3040 7634053.5035
578243.5482 7634236.1455
578298.9167 7634426.5888
578327.2467 7634624.8806
578361.4929 7634822.1474
578448.2605 7634995.3035
578579.9100 7635146.2691
578711.5595 7635297.2347
578697.4072 7635479.0206
578638.1132 7635670.3487
578613.8424 7635868.3158
578697.4460 7636043.8432
578818.5268 7636203.1744
578942.9106 7636360.1804
579067.2945 7636517.1864
579143.4487 7636700.8341
579210.1300 7636889.7146
579276.8114 7637078.5950
579340.7899 7637268.4047
579415.7655 7637454.0882
579509.0335 7637631.2261
579604.5379 7637807.2976
579709.3609 7637977.9463
579843.7168 7638126.0614
579980.9989 7638271.9239
580106.3957 7638424.8305
580169.4180 7638614.9486
580248.6950 7638796.5191
580387.1372 7638941.1372
580534.1655 7639077.1700
580681.1937 7639213.2029
580790.0229 7639366.5186
580796.8898 7639566.6862
580823.4657 7639763.6806
580902.4926 7639946.1323
581017.5911 7640110.0306
581137.0562 7640270.8109
581256.5213 7640431.5912
581384.2540 7640585.0426
581539.8521 7640708.9297
581718.1337 7640799.6730
581895.6419 7640781.7347
582040.1559 7640648.0029
582162.6819 7640489.5429
582242.0924 7640308.9241
582288.3648 7640114.1748
582317.6667 7639916.1767
582342.2650 7639717.3874
582366.8633 7639518.5982
582370.2891 7639318.5715
582344.1000 7639120.2958
582313.0025 7638922.4191
582281.9050 7638724.5425
582433.9858 7638624.5504
582615.7723 7638540.4320
582718.6005 7638371.4444
582806.8128 7638191.6280
582896.3705 7638018.8049
582944.1683 7637828.4693
583115.3022 7637931.7148
583311.1350 7637973.1041
583505.3404 7637965.6446
583589.5613 7637800.1162
583544.7609 7637604.8852
583609.6515 7637427.9600
583715.4210 7637257.8570
583788.5981 7637072.2016
583854.2927 7636882.9757
583919.9874 7636693.7498
583930.6367 7636493.7665
583941.0143 7636293.7302
583951.1566 7636093.6874
583951.8022 7635893.3831
583952.4479 7635693.0788
583968.1675 7635501.6925
584143.4150 7635404.6845
584318.6625 7635307.6766
584416.9172 7635153.1476
584460.2479 7634957.5852
584503.5786 7634762.0227
584602.6364 7634594.3160
584733.0539 7634442.2848
584863.4715 7634290.2536
584977.5120 7634126.0823
585100.7750 7633968.6261
585229.6625 7633815.2955
585358.5499 7633661.9650
585552.1026 7633670.0820
585751.2004 7633692.0433
585943.8610 7633639.5546
586080.5625 7633493.2420
586184.1946 7633321.8285
586287.8267 7633150.4149
586393.6620 7632981.2048
586563.1800 7632875.4291
586687.5302 7632718.3964
586811.8804 7632561.3637
586951.1851 7632463.1353
587135.4463 7632541.6849
587319.7075 7632620.2345
587502.8791 7632701.2639
587693.5868 7632759.4031
587830.3043 7632664.9620
587892.3558 7632476.8823
587939.3714 7632282.1841
587987.6994 7632087.7962
588036.0274 7631893.4084
588121.6574 7631713.7375
588158.3721 7631519.9197
588114.1625 7631326.8036
588056.1666 7631135.0780
588006.1178 7630945.2226
588135.7089 7630795.9245
588146.7971 7630596.7703
588111.4680 7630400.1554
588039.5028 7630213.7325
587941.3086 7630039.1469
587843.1144 7629864.5613
587751.7126 7629686.9541
587674.4668 7629504.6392
587535.6907 7629362.8743
587362.5170 7629262.2260
587187.7362 7629164.3796
587012.9555 7629066.5332
586854.8128 7628951.2558
586748.9412 7628781.2163
586643.0696 7628611.1768
586530.9894 7628445.5866
586391.1659 7628305.2177
586218.4791 7628204.1715
586039.0354 7628115.1650
585859.5916 7628026.1585
585688.4011 7627923.8614
585515.0053 7627830.9879
585321.7011 7627778.4931
585128.3969 7627725.9984
584934.1233 7627677.4427
584738.5327 7627634.2394
584542.9420 7627591.0361
584350.5066 7627536.9348
584162.0888 7627468.9573
583973.6709 7627400.9798
583785.6377 7627331.9555
583591.9092 7627294.2582
583392.0410 7627301.9927
583192.5952 7627320.5289
582993.1494 7627339.0651
582794.3432 7627333.3759
582596.1533 7627304.3412
582397.9635 7627275.3065
582198.9375 7627253.8838
581999.3965 7627236.5771
581800.0525 7627216.9766
581600.7084 7627197.3761
581421.0659 7627123.3414
581238.7058 7627047.4727
581044.9347 7626996.7284
580848.2050 7626961.0732
580650.7455 7626927.8902
580453.9779 7626890.4099
580257.2104 7626852.9296
580075.6136 7626773.0012
579899.6629 7626677.2747
579724.4968 7626580.1247
579549.6124 7626482.4636
579377.0138 7626380.8529
579205.2085 7626277.8716
579033.4031 7626174.8904
578854.7833 7626084.5951
578662.0591 7626034.1266
578465.7142 7625994.4918
578269.3694 7625954.8570
578087.9899 7625873.1449
577910.7134 7625779.8963
577725.0225 7625705.5332
577537.1420 7625636.0843
577349.2615 7625566.6354
577193.2687 7625444.3823
577044.3373 7625310.4358
576895.4059 7625176.4893
576726.1331 7625070.4728
576537.5440 7625005.0301
576338.8095 7624987.2742
576140.1492 7625009.2067
575941.7184 7625036.5467
575743.2877 7625063.8868
575543.2702 7625063.1519
575343.0226 7625058.3450
575142.7750 7625053.5380
574951.3844 7624997.1291
574760.9952 7624934.8861
574565.4033 7624969.8505
574369.5165 7625011.6901
574173.6333 7625053.5472
573977.9856 7625096.4906