484211.4141 7605832.8900
484251.6591 7605924.2860
484308.5399 7606005.8944
484390.8867 7606062.5829
484473.2334 7606119.2713
484541.8908 7606188.2843
484597.7048 7606270.5632
484634.9054 7606338.7127
484569.9847 7606376.1475
484645.8523 7606441.1645
484726.2493 7606500.5858
484806.6462 7606560.0072
484881.0711 7606625.1368
484936.7417 7606708.1750
484992.2223 7606791.3403
485047.7029 7606874.5055
485082.1286 7606965.5236
485118.5865 7607055.1051
485178.0997 7607135.4341
485272.5860 7607145.6208
485372.5556 7607144.8104
485465.7980 7607163.9910
485549.0953 7607218.0112
485640.9296 7607257.5210
485732.7639 7607297.0309
485775.8253 7607379.3483
485803.0883 7607475.5320
485850.6853 7607562.9620
485935.1910 7607613.9326
486023.3470 7607661.0823
486110.0904 7607710.7782
486196.7588 7607760.6094
486267.8592 7607824.3109
486307.3959 7607916.1336
486346.9326 7608007.9563
486399.8493 7608090.1850
486476.2233 7608154.6291
486554.3035 7608217.0635
486632.3836 7608279.4979
486719.7293 7608326.4496
486811.6523 7608365.7527
486903.5753 7608405.0557
487002.2319 7608411.2461
487102.2043 7608410.9658
487202.1767 7608410.6856
487301.9403 7608416.6279
487401.6691 7608423.6087
487501.3979 7608430.5895
487601.2326 7608435.8067
487670.1325 7608367.7430
487706.9523 7608274.8119
487731.4739 7608177.9036
487745.9833 7608078.9913
487764.9912 7607980.8421
487783.9992 7607882.6929
487805.0560 7607785.4154
487862.5835 7607703.6526
487920.1109 7607621.8897
487983.7235 7607549.4629
488081.4452 7607528.5682
488177.6485 7607501.3747
488273.8518 7607474.1812
488369.9510 7607446.6299
488465.7233 7607417.9555
488561.4956 7607389.2811
488657.4941 7607361.4084
488754.1359 7607335.8168
488850.7776 7607310.2252
488948.5124 7607295.1793
489048.2279 7607295.1916
489147.7161 7607285.3599
489247.2043 7607275.5282
489343.4002 7607286.4760
489437.3116 7607299.9026
489535.6833 7607283.5262
489635.1830 7607273.8116
489733.9803 7607268.8840
489826.4951 7607306.7728
489919.5298 7607343.0202
490016.9894 7607365.2954
490114.4491 7607387.5706
490212.3919 7607405.9692
490312.1553 7607405.0060
490411.0246 7607390.4029
490509.1064 7607371.0507
490607.1883 7607351.6985
490704.5983 7607343.2979
490799.5788 7607374.4949
490894.7245 7607405.1755
490991.9949 7607423.7678
491073.6144 7607391.2814
491128.0200 7607307.4089
491182.4255 7607223.5363
491264.5200 7607250.2122
491352.0370 7607298.5375
491439.5540 7607346.8629
491530.4407 7607388.4683
491624.1534 7607423.2511
491698.0135 7607358.6595
491771.1541 7607290.5052
491846.6365 7607225.9571
491938.6506 7607186.8678
492030.6646 7607147.7784
492124.3462 7607114.5552
492223.1525 7607099.3282
492321.8654 7607083.5198
492419.5032 7607063.0223
492514.2379 7607031.1002
492608.4498 7606997.6535
492697.6184 7606955.7363
492763.4503 7606882.2045
492804.9360 7606791.7190
492833.7839 7606695.9987
492862.6318 7606600.2785
492911.0015 7606520.0397
492997.6323 7606470.1432
493084.2631 7606420.2466
493177.2603 7606389.0102
493272.9729 7606363.0500
493362.4891 7606319.0335
493449.1782 7606269.2383
493535.8673 7606219.4430
493628.6863 7606186.7629
493727.2772 7606170.1976
493825.8680 7606153.6323
493896.2476 7606194.1325
493942.9504 7606282.5260
493985.6159 7606372.2817
494003.8840 7606470.4514
494036.3666 7606564.7851
494088.6895 7606648.7139
494166.1632 7606711.8994
494243.6368 7606775.0849
494322.1377 7606836.8943
494406.6941 7606889.5980
494500.6242 7606920.7723
494600.4875 7606925.4506
494700.3508 7606930.1289
494800.2359 7606934.1745
494896.6985 7606922.3375
494980.3114 7606868.3564
495056.0689 7606803.1231
495131.8263 7606737.8899
495217.8656 7606693.0003
495300.8767 7606646.0831
495346.1501 7606559.0190
495378.9968 7606464.5962
495411.8434 7606370.1734
495490.5256 7606335.2311
495590.2015 7606327.5322
495689.8775 7606319.8332
495786.3123 7606344.0899
495882.4126 7606371.6452
495978.5129 7606399.2006
496077.7985 7606409.4310
496177.4154 7606417.8594
496277.0323 7606426.2877
496342.9924 7606500.6195
496440.5962 7606492.7356
496534.7000 7606526.4852
496628.8038 7606560.2349
496722.9076 7606593.9845
496786.9155 7606667.9463
496881.0067 7606697.8396
496974.1592 7606734.0549
497067.1362 7606770.7952
497159.7592 7606808.3152
497250.0582 7606848.9293
497349.8561 7606854.2833
497449.8259 7606853.5022
497549.7956 7606852.7212
497644.8650 7606869.5383
497732.6159 7606916.7541
497827.4625 7606946.6138
497925.2705 7606947.5211
498021.4840 7606920.3636
498115.6845 7606887.7452
498191.8015 7606829.4211
498231.3356 7606738.8344
498241.2962 7606640.6005
498234.2530 7606540.8761
498300.5428 7606503.6924
498398.9036 7606486.6926
498486.1487 7606441.2028
498576.0573 7606398.4512
498668.5522 7606360.5138
498762.7098 7606333.5743
498862.2856 7606342.4754
498961.8613 7606351.3765
499061.4362 7606360.2876
499161.0083 7606369.2299
499260.6626 7606376.8918
499312.6198 7606367.7350
499213.3355 7606356.0450
499113.7737 7606346.9891
499014.2119 7606337.9331
498914.6717 7606328.6696
498815.3747 7606317.0643
498716.0778 7606305.4590
498622.2575 7606286.4626
498582.2477 7606194.8450
498542.2379 7606103.2274
498539.3366 7606008.0690
498517.6832 7605917.2768
498449.4713 7605846.0972
498365.5866 7605792.3471
498270.0305 7605782.8295
498173.2773 7605806.1416
498085.1645 7605851.8996
498000.2183 7605904.6129
497915.2720 7605957.3262
497817.6842 7605961.2711
497717.8272 7605956.4614
497617.9701 7605951.6517
497518.2937 7605944.0123
497418.6356 7605936.0866
497323.5067 7605965.1996
497228.6950 7605996.9060
497134.0062 7606028.9778
497039.3596 7606061.1648
496946.6287 7606098.5214
496854.3450 7606135.0053
496761.8002 7606097.1896
496669.2554 7606059.3740
496576.7106 7606021.5584
496525.6960 7605953.7614
496496.2932 7605860.6517
496448.1542 7605773.0321
496400.0152 7605685.4124
496404.5110 7605597.3368
496451.1246 7605508.8963
496502.1621 7605425.9015
496598.2776 7605398.3993
496694.3931 7605370.8971
496789.9962 7605351.0545
496881.5922 7605391.1137
496973.1881 7605431.1729
497068.5487 7605456.4145
497164.6528 7605442.6749
497201.6543 7605374.4394
497185.9608 7605275.7430
497183.2274 7605187.8465
497281.8685 7605203.7838
497381.6458 7605210.0293
497481.4701 7605214.4598
497581.3518 7605210.1920
497681.2335 7605205.9243
497781.1247 7605201.9614
497881.0779 7605199.9823
497981.0311 7605198.0032
498080.9786 7605195.8135
498180.7455 7605190.7393
498277.1967 7605169.9421
498358.7528 7605112.1221
498440.3090 7605054.3021
498529.3557 7605018.8688
498629.2863 7605015.9640
498729.2169 7605013.0591
498793.0391 7605051.8289
498804.3931 7605151.1548
498872.3345 7605218.5389
498963.1268 7605198.0800
498975.0280 7605102.7796
498980.7027 7605002.9680
499044.1715 7604979.1596
499141.8695 7605000.3648
499239.5675 7605021.5701
499321.9287 7605074.6253
499399.4254 7605137.7824
499476.9220 7605200.9396
499570.4854 7605201.9482
499605.2363 7605119.8808
499624.0530 7605021.6948
499660.2694 7604945.5701
499760.1373 7604950.1502
499860.0051 7604954.7303
499959.8729 7604959.3104
500018.0613 7605022.4361
500055.0754 7605115.3044
500114.9320 7605192.2068
500200.8180 7605240.8844
500296.0798 7605270.1802
500392.1192 7605261.6103
500462.5814 7605198.6112
500510.3534 7605111.0521
500466.6697 7605040.8300
500381.9501 7604988.1909
500294.9825 7604938.8837
500202.5918 7604901.6467
500123.6404 7604843.2276
500050.5665 7604775.0017
499977.4927 7604706.7758
499913.9833 7604636.4316
499949.4291 7604543.1787
499965.2211 7604444.4611
499981.0131 7604345.7434
500000.6377 7604248.0072
500029.7855 7604152.7607
500039.8842 7604053.5202
500036.8206 7603953.6082
500030.7133 7603853.8221
500024.0817 7603754.0741
500015.6962 7603654.4536
500008.0182 7603554.7845
500002.7078 7603454.9528
499997.3974 7603355.1212
499999.8803 7603256.0158
500010.4542 7603158.9737
499985.1981 7603062.2445
499959.4070 7602965.6557
499933.3585 7602869.1368
499906.5177 7602772.8355
499879.1074 7602676.6938
499851.6971 7602580.5520
499823.8963 7602484.5239
499789.1256 7602391.2115
499741.5277 7602303.3519
499690.3983 7602217.4430
499639.2688 7602131.5340
499591.4213 7602043.8767
499524.8451 7601995.3206
499428.9890 7602022.6687
499333.7669 7602053.1206
499241.3345 7602062.5029
499157.3181 7602008.3198
499073.3017 7601954.1367
498999.7883 7601888.2407
498936.8015 7601810.6055
498873.8147 7601732.9703
498793.5421 7601681.7360
498699.8743 7601647.6176
498608.6448 7601606.7305
498517.4154 7601565.8435
498464.8522 7601486.0179
498415.8430 7601398.9991
498347.2823 7601327.1883
498268.4889 7601265.8197
498179.6271 7601220.8465
498088.5043 7601179.7224
497997.3814 7601138.5983
497927.7095 7601069.1438
497863.4133 7600992.5895
497797.1660 7600917.7258
497730.5426 7600843.1880
497663.9192 7600768.6502
497624.8003 7600677.6907
497590.7916 7600583.6803
497514.7895 7600521.8512
497432.8552 7600464.5683
497355.6577 7600402.9601
497305.6237 7600316.4162
497253.4660 7600231.1302
497202.6146 7600145.0564
497151.7632 7600058.9826
497115.5267 7599969.4221
497122.0438 7599869.6620
497128.5609 7599769.9018
497113.4549 7599677.1763
497042.4988 7599608.0534
496963.3233 7599547.4405
496889.8442 7599479.6513
496816.3650 7599411.8621
496749.2319 7599338.0042
496671.4908 7599276.3447
496588.7351 7599220.2550
496505.9793 7599164.1653
496437.7362 7599092.2566
496374.7384 7599014.6303
496314.6589 7598935.2449
496273.0471 7598844.6296
496212.0561 7598766.0736
496132.4506 7598705.5960
496052.8452 7598645.1184
495972.6988 7598585.4059
495886.5102 7598540.5418
495786.7339 7598546.5958
495686.7919 7598549.0776
495586.8499 7598551.5593
495503.3133 7598515.2116
495435.4271 7598441.8222
495365.6129 7598372.0667
495268.2489 7598367.8646
495178.4635 7598411.3855
495094.6509 7598465.8833
495013.4028 7598523.9724
494937.9611 7598589.3873
494865.6211 7598658.3908
494793.2811 7598727.3944
494701.2209 7598737.1992
494601.9513 7598725.3621
494502.6862 7598713.4909
494403.7343 7598699.2403
494304.7824 7598684.9897
494205.7617 7598671.2714
494106.4383 7598659.8948
494007.1149 7598648.5181
493907.5392 7598640.3182
493810.2338 7598655.9839
493712.0579 7598668.1218
493612.0856 7598668.4448
493542.2301 7598604.7975
493454.7763 7598622.3606
493362.7786 7598661.2725
493276.6034 7598711.9519
493190.4283 7598762.6313
493095.2662 7598792.4904
492999.2797 7598820.4397
492904.1397 7598837.2679
492813.4889 7598795.1135
492722.3117 7598754.1840
492629.3392 7598717.4324
492536.3667 7598680.6808
492529.3346 7598622.0116
492593.3505 7598545.2227
492657.9875 7598468.9760
492712.6809 7598390.3917
492710.3721 7598290.4455
492686.2288 7598202.0274
492601.7242 7598149.4533
492510.4443 7598108.6791
492419.1643 7598067.9049
492332.2627 7598073.4053
492365.0133 7598145.3723
492416.5330 7598219.2994
492335.7845 7598276.9352
492299.5147 7598368.9150
492341.9880 7598454.5757
492384.4014 7598545.1056
492426.8147 7598635.6356
492371.8791 7598691.4395
492281.7449 7598734.6875
492196.1955 7598758.9917
492130.6293 7598685.6709
492040.4867 7598642.4414
491950.6035 7598598.6741
491860.7203 7598554.9069
491874.2493 7598472.8185
491881.2315 7598374.3945
491880.6170 7598274.4235
491903.5700 7598190.9480
491997.7091 7598157.2971
492091.8483 7598123.6461
492160.0755 7598054.6567
492151.6467 7597957.8086
492064.2227 7598006.3019
491976.9914 7598055.0889
491897.8970 7598116.2152
491823.4531 7598182.9435
491749.0091 7598249.6717
491672.3813 7598313.2765
491584.1506 7598360.2860
491495.9198 7598407.2955
491421.6895 7598366.1502
491352.3646 7598294.1181
491283.0397 7598222.0861
491213.7148 7598150.0540
491145.2488 7598079.9152
491047.5444 7598092.6131
490961.7824 7598143.9887
490876.0205 7598195.3644
490790.2586 7598246.7400
490699.9250 7598268.0700
490602.7637 7598244.5277
490505.6024 7598220.9853
490413.4554 7598184.9536
490322.7872 7598144.3310
490225.8033 7598149.1795
490128.0902 7598170.3151
490048.5924 7598216.6398
490086.9622 7598294.3116
490155.5340 7598367.0364
490226.1666 7598437.7802
490297.1594 7598508.1690
490261.1297 7598599.4260
490221.7822 7598691.3299
490178.9540 7598778.9913
490081.1331 7598799.6219
489983.5602 7598821.1834
489888.4712 7598852.0475
489793.6188 7598883.6320
489698.7664 7598915.2165
489610.1602 7598913.9966
489536.4377 7598846.7159
489468.0967 7598773.7497
489399.7556 7598700.7835
489365.8750 7598616.9735
489360.2076 7598519.8878
489327.8131 7598425.3090
489295.4185 7598330.7302
489303.2973 7598237.8033
489322.9292 7598141.5136
489310.4345 7598043.3710
489257.9233 7597962.6689
489169.9246 7597922.9093
489072.2633 7597901.5448
488975.8201 7597875.5137
488880.1110 7597846.6288
488784.4019 7597817.7440
488693.4174 7597776.8568
488606.6894 7597811.0866
488619.2265 7597908.2971
488684.6819 7597983.8626
488734.3768 7598050.3272
488636.2102 7598031.4090
488579.5190 7598108.8785
488535.8211 7598198.7916
488515.2875 7598285.9155
488591.6590 7598350.4047
488671.5487 7598410.3708
488756.7104 7598462.7310
488843.5886 7598511.9906
488933.8527 7598554.6093
489001.2495 7598603.2752
488901.9616 7598610.0166
488808.6199 7598645.8202
488715.1995 7598672.0728
488621.0777 7598638.5506
488523.4098 7598633.7571
488444.0629 7598682.0801
488435.6619 7598775.3624
488428.1394 7598837.7851
488335.0747 7598802.5436
488237.3653 7598794.3715
488140.3714 7598818.5942
488057.2122 7598865.0184
488093.0546 7598941.4080
488167.5495 7599007.7571
488240.7406 7599075.8154
488313.1963 7599144.6974
488384.9661 7599214.1956
488445.7160 7599293.5935
488494.9817 7599377.0372
488499.5410 7599476.8593
488538.3889 7599552.8778
488633.3640 7599584.0709
488730.1850 7599596.5799
488829.4657 7599590.6140
488929.2218 7599597.1922
489027.9766 7599604.2312
488968.1477 7599684.3242
488909.9329 7599765.5991
488851.7182 7599846.8740
488772.0513 7599826.0277
488695.5633 7599855.6512
488699.8069 7599955.5339
488704.0506 7600055.4166
488686.0624 7600130.1794
488587.4358 7600113.8284
488488.0896 7600105.3982
488392.2531 7600125.9009
488307.0383 7600176.4871
488235.6928 7600245.8318
488169.8097 7600321.0248
488101.8241 7600394.2858
488032.4611 7600466.2812
487963.0980 7600538.2765
487888.2672 7600604.2612
487825.4748 7600680.3284
487822.5950 7600773.8075
487838.1246 7600872.5077
487851.6413 7600971.5625
487865.1580 7601070.6174
487791.5865 7601136.8969
487716.1158 7601202.4617
487641.3686 7601195.9235
487584.1419 7601258.0442
487529.7654 7601341.9356
487468.7126 7601419.4128
487387.0656 7601477.1045
487311.8210 7601458.6313
487224.9072 7601416.4912
487127.0130 7601419.9232
487028.6334 7601437.7000
486944.0130 7601485.4006
486862.1476 7601542.5793
486778.4176 7601597.2038
486694.6875 7601651.8283
486697.3844 7601746.9319
486740.9578 7601836.9092
486784.5313 7601926.8865
486795.5316 7602018.0032
486758.3515 7602110.8051
486721.1713 7602203.6070
486643.6951 7602256.1215
486550.9011 7602293.3213
486465.7381 7602345.1824
486429.7540 7602432.0960
486456.8428 7602528.3289
486483.9317 7602624.5617
486467.4472 7602717.3116
486433.2224 7602811.0588
486402.8582 7602906.3088
486372.4940 7603001.5589
486295.7296 7603053.8059
486203.0584 7603091.3107
486110.3968 7603128.8390
486017.3856 7603165.3820
485922.4860 7603196.8245
485827.5864 7603228.2671
485731.9274 7603257.0002
485636.2230 7603284.6743
485547.7703 7603330.1512
485489.7616 7603404.0639
485467.3426 7603501.4906
485444.9235 7603598.9172
485374.6656 7603651.9158
485279.1601 7603681.4669
485183.6547 7603711.0181
485084.9629 7603722.8768
485082.9899 7603799.6851
485171.6894 7603843.9830
485261.9322 7603887.0037
485298.5066 7603947.6962
485255.7624 7604037.8865
485219.4171 7604131.0185
485183.0717 7604224.1506
485123.9909 7604298.5059
485039.4069 7604351.7985
484954.8228 7604405.0911
484863.4837 7604440.8763
484765.0249 7604458.2086
484666.5660 7604475.5410
484572.0043 7604460.0183
484479.6893 7604421.6721
484385.3540 7604388.8142
484289.8741 7604359.1806
484198.5787 7604373.6433
484201.7838 7604450.5297
484245.2588 7604540.5547
484288.7338 7604630.5796
484318.1274 7604725.6377
484341.5680 7604822.8236
484365.0087 7604920.0095
484294.5699 7604943.7495
484209.3288 7604972.9876
484171.1512 7605063.2378
484174.5701 7605160.5480
484181.8914 7605259.4601
484179.5596 7605359.4057
484177.2279 7605459.3513
484184.5335 7605559.0266
484237.3305 7605643.1231
484302.1576 7605719.2284
484366.9847 7605795.3336
484303.9575 7605802.5617
484211.4141 7605832.8900