472740.9258 7609997.2581
472743.1823 7609899.0431
472678.5416 7609823.9323
472597.8614 7609766.1682
472513.8007 7609713.4256
472429.7401 7609660.6829
472455.3471 7609564.9769
472464.0532 7609466.1485
472449.2951 7609368.0823
472407.2642 7609278.2196
472352.9374 7609195.2148
472286.4602 7609122.1378
472192.5504 7609090.0610
472098.5572 7609058.2294
472004.2379 7609031.0441
471906.7203 7609049.4370
471809.2026 7609067.8298
471711.5849 7609071.0345
471664.6168 7609116.6838
471676.4610 7609214.1703
471701.7531 7609310.1293
471727.3691 7609406.0032
471752.9851 7609501.8771
471793.9558 7609591.5271
471842.3247 7609678.1783
471910.8620 7609748.0495
471992.8321 7609803.7038
472081.3836 7609848.1318
472177.2343 7609871.3190
472274.9952 7609888.3718
472372.7560 7609905.4246
472455.0562 7609959.9986
472549.0975 7609991.0024
472644.4558 7610018.4716
472740.9258 7609997.2581