475487.2308 7611395.1825
475402.3610 7611449.4133
475351.0614 7611534.1069
475361.4620 7611633.9488
475403.8736 7611724.3392
475480.6785 7611786.8508
475576.7527 7611817.7859
475673.1300 7611847.7692
475752.9234 7611896.4843
475794.3662 7611988.5172
475835.8091 7612080.5501
475866.4684 7612175.0730
475869.5704 7612275.9588
475872.6724 7612376.8446
475875.7744 7612477.7304
475829.8125 7612537.0156
475734.6922 7612566.3913
475680.9394 7612641.4938
475696.3548 7612736.4074
475734.1258 7612830.0072
475776.3676 7612917.7760
475876.5632 7612929.9583
475976.7588 7612942.1406
476074.1371 7612961.9122
476158.0123 7613018.0596
476245.4024 7613066.2285
476339.5671 7613066.8495
476402.2667 7612997.0269
476409.0768 7612897.9441
476390.2041 7612798.8491
476356.2739 7612704.7742
476303.4430 7612618.9421
476245.5469 7612536.2643
476187.6509 7612453.5866
476129.7548 7612370.9088
476078.6591 7612284.2015
476038.3076 7612191.8004
476002.0640 7612097.5987
475965.8204 7612003.3969
475929.5767 7611909.1952
475900.2569 7611812.6829
475858.7948 7611720.9072
475814.4598 7611630.2321
475770.8152 7611539.2232
475725.7540 7611448.9088
475680.2068 7611358.8365
475585.6668 7611372.8683
475487.2308 7611395.1825