472305.2654 7610548.4504
472241.3770 7610624.4379
472177.4886 7610700.4254
472160.7532 7610794.5822
472178.3192 7610891.4943
472235.2338 7610972.8365
472292.1483 7611054.1787
472350.9528 7611133.9909
472404.3048 7611211.0146
472389.2211 7611309.1385
472374.1375 7611407.2625
472359.0538 7611505.3864
472345.7538 7611603.6989
472373.4929 7611697.3500
472430.3030 7611777.9099
472507.3977 7611839.4912
472588.2485 7611897.1017
472669.0993 7611954.7123
472749.9560 7612012.3140
472833.7767 7612065.4791
472920.4674 7612113.8583
473007.1581 7612162.2375
472974.0894 7612215.5053
472891.6302 7612270.7891
472886.4909 7612360.5408
472874.6338 7612458.6212
472859.0855 7612556.6726
472843.5372 7612654.7240
472828.0876 7612752.7903
472813.9882 7612851.0605
472794.7901 7612947.2428
472887.2506 7612977.2606
472979.2492 7612940.8650
473062.0686 7612886.2108
473148.8503 7612837.9951
473235.6321 7612789.7793
473322.4138 7612741.5636
473374.8141 7612671.9593
473373.3324 7612572.9405
473364.1868 7612474.0862
473352.2265 7612375.5748
473321.6064 7612282.5989
473275.3086 7612194.7790
473229.0108 7612106.9591
473247.6911 7612015.1985
473264.1879 7611917.8008
473257.8794 7611819.1453
473246.9354 7611720.4739
473203.0929 7611633.0688
473151.2516 7611548.4029
473099.4103 7611463.7371
473085.0688 7611365.9142
473072.6467 7611267.4179
473060.2245 7611168.9216
473047.1346 7611070.5120
473029.5419 7610972.8123
472990.4152 7610881.6922
472936.1526 7610798.6258
472858.9049 7610736.5568
472769.8663 7610692.7173
472680.6715 7610649.1271
472591.4766 7610605.5369
472502.0897 7610562.3419
472404.4639 7610544.5293
472305.2654 7610548.4504