487172.3650 7615613.1491
487164.1097 7615714.0594
487156.0960 7615814.9893
487162.2488 7615914.7628
487186.5254 7616013.0568
487210.8020 7616111.3508
487141.2933 7616181.6308
487155.7510 7616277.9268
487227.1416 7616349.7212
487298.5323 7616421.5157
487368.6962 7616494.4938
487409.4005 7616470.0627
487420.2515 7616369.6434
487425.1143 7616268.5127
487414.6706 7616168.5072
487382.9030 7616072.8588
487342.6669 7615979.9554
487301.7994 7615887.3222
487260.9320 7615794.6889
487222.9047 7615700.8556
487172.3650 7615613.1491