478269.1177 7624808.1880
478200.4937 7624734.1489
478115.8069 7624678.6273
478031.7763 7624622.1721
477947.7492 7624566.9293
477852.7425 7624548.3423
477756.8363 7624580.8460
477656.7558 7624588.8485
477643.9015 7624670.7100
477651.9340 7624771.6554
477659.9664 7624872.6008
477651.7371 7624971.5756
477651.6745 7625064.5178
477717.4588 7625137.9146
477808.8022 7625174.6901
477897.6310 7625151.2264
477970.5291 7625080.9388
478043.3556 7625010.5769
478116.1821 7624940.2150
478189.0085 7624869.8531
478269.1177 7624808.1880