492626.6998 7609669.8727
492702.8995 7609713.2078
492793.4838 7609675.8476
492887.9038 7609648.8410
492982.3237 7609621.8345
493076.7437 7609594.8279
493165.2610 7609598.3540
493257.5836 7609618.4825
493329.5206 7609564.6941
493301.1660 7609473.5615
493267.0297 7609381.4790
493224.6894 7609293.6124
493147.8793 7609253.7168
493051.0681 7609265.8063
492957.3699 7609294.6222
492869.9863 7609338.2903
492786.6549 7609390.2527
492703.0689 7609441.8073
492615.4766 7609485.5127
492612.3347 7609572.7226
492626.6998 7609669.8727