492072.9851 7610761.5449
492007.4330 7610691.3967
491907.0111 7610700.6761
491807.7139 7610718.9776
491723.2334 7610766.6012
491679.8226 7610854.2195
491659.5612 7610952.9809
491605.2252 7611033.5755
491535.4210 7611106.5178
491461.6256 7611170.9236
491363.8400 7611196.0804
491266.0544 7611221.2373
491168.2689 7611246.3942
491086.0442 7611236.3586
491038.8508 7611147.0968
490972.1325 7611079.2503
490880.3629 7611037.2993
490790.1811 7610991.8885
490699.9994 7610946.4777
490609.8177 7610901.0669
490513.3324 7610879.0862
490441.3657 7610928.3835
490388.5814 7611014.4573
490344.4047 7611104.4496
490320.3346 7611202.2346
490341.3004 7611292.6297
490420.3457 7611350.3715
490513.2838 7611389.8165
490611.6146 7611397.5457
490712.3413 7611390.5451
490813.0680 7611383.5446
490913.7948 7611376.5441
490973.2093 7611446.6151
491038.8655 7611522.7173
491127.4866 7611560.9357
491202.9725 7611494.7469
491303.2709 7611483.1232
491403.5694 7611471.4995
491503.8678 7611459.8758
491598.9163 7611459.4903
491662.4054 7611523.9666
491756.1061 7611492.1953
491825.4953 7611420.6560
491872.2049 7611331.1563
491911.3970 7611238.4818
491939.2494 7611141.4398
491969.1246 7611044.9911
491998.9998 7610948.5423
492028.8750 7610852.0936
492072.9851 7610761.5449