495074.5907 7632305.9401
495001.3808 7632374.5426
494935.3100 7632450.0627
494874.5435 7632529.7960
494831.7899 7632620.5830
494789.0363 7632711.3699
494767.1273 7632793.4909
494862.5010 7632823.7218
494961.8724 7632837.7022
495061.2439 7632851.6827
495143.5601 7632892.2726
495197.7629 7632976.7249
495251.9658 7633061.1772
495303.4481 7633147.2229
495356.9690 7633231.5547
495423.1082 7633306.9112
495492.8576 7633379.0561
495562.1286 7633451.6624
495631.3996 7633524.2686
495692.3372 7633603.0361
495745.4404 7633687.9968
495804.2119 7633769.3359
495862.9834 7633850.6750
495882.5334 7633940.0737
495860.5981 7634037.9970
495838.6629 7634135.9204
495806.9572 7634230.7523
495768.5721 7634323.4708
495730.1869 7634416.1893
495747.9692 7634506.1634
495828.9685 7634559.0766
495924.2219 7634546.4960
495985.7314 7634469.9771
496043.0532 7634387.6099
496101.4158 7634306.2442
496181.0229 7634245.2387
496248.7501 7634171.8669
496278.0821 7634075.8993
496301.4778 7633978.6343
496292.4497 7633882.5275
496250.5908 7633791.3246
496196.3312 7633708.7952
496118.5635 7633646.6110
496031.8777 7633596.0570
495945.1919 7633545.5030
495891.5089 7633468.6371
495861.5364 7633372.8676
495831.5639 7633277.0982
495816.6239 7633178.4894
495788.7432 7633083.3587
495709.8633 7633044.7776
495610.0476 7633034.4346
495510.2320 7633024.0916
495443.9986 7632957.5832
495387.6456 7632874.5502
495331.2927 7632791.5172
495303.1393 7632696.1677
495280.5250 7632598.3989
495257.9107 7632500.6302
495228.2264 7632404.8191
495170.0638 7632323.9877
495074.5907 7632305.9401