493512.2013 7631754.9014
493488.7719 7631852.3977
493465.3425 7631949.8940
493417.4617 7632034.1947
493348.8263 7632107.2950
493280.1909 7632180.3952
493211.5556 7632253.4955
493128.5230 7632227.0438
493041.9894 7632176.3842
492954.3110 7632127.7461
492858.0621 7632136.8107
492770.2457 7632184.4438
492683.3662 7632234.5080
492595.5350 7632281.2635
492499.6031 7632291.4793
492462.3403 7632383.2199
492468.7720 7632483.2854
492475.2037 7632583.3508
492485.2048 7632682.6230
492521.7618 7632775.9935
492558.3188 7632869.3640
492588.6211 7632963.5687
492577.8116 7633063.2562
492567.0021 7633162.9438
492543.4581 7633254.0570
492455.1558 7633301.5665
492366.8534 7633349.0760
492278.5510 7633396.5856
492189.6217 7633442.8129
492122.1444 7633495.5765
492143.9897 7633593.4399
492165.8350 7633691.3033
492187.6803 7633789.1667
492177.0279 7633866.2053
492079.4046 7633888.9234
491982.9028 7633916.1605
491886.4010 7633943.3977
491790.7810 7633940.3392
491695.1339 7633939.1953
491603.4929 7633978.2435
491518.4438 7634031.1665
491453.5948 7634104.4656
491451.8162 7634196.0442
491533.8262 7634226.8444
491614.2029 7634280.8660
491555.0115 7634360.7191
491539.8492 7634459.8178
491541.1706 7634560.0810
491550.9337 7634658.7257
491586.7916 7634752.3668
491622.6495 7634846.0080
491648.2995 7634941.9860
491660.5366 7635041.3870
491679.0397 7635139.9370
491697.5427 7635238.4870
491632.3246 7635302.1009
491609.6217 7635394.8060
491603.2635 7635494.8533
491619.5122 7635593.3509
491644.8136 7635690.3528
491719.0391 7635755.0012
491798.5253 7635816.1273
491878.0115 7635877.2534
491961.5058 7635932.7400
492045.3699 7635987.7060
492129.2341 7636042.6720
492228.6968 7636050.7990
492324.8075 7636022.7970
492420.8081 7635993.8427
492514.5947 7635980.5866
492598.8429 7636034.9622
492686.6030 7636081.1742
492777.9200 7636077.6058
492835.6770 7636001.1807
492863.5041 7635904.8473
492891.3312 7635808.5140
492952.8226 7635752.7705
493052.6404 7635743.2381
493152.4582 7635733.7057
493220.9873 7635796.8796
493311.9048 7635831.3261
493409.0096 7635856.3285
493503.2758 7635889.6262
493595.3415 7635929.3550
493690.6838 7635959.1431
493786.2243 7635946.9902
493829.8064 7635870.2946
493811.7662 7635773.4282
493783.9304 7635677.0973
493756.0947 7635580.7664
493762.8629 7635481.9409
493768.9120 7635381.9106
493777.6978 7635282.0423
493787.3205 7635182.2331
493787.9549 7635083.6833
493759.8784 7634988.7785
493760.9434 7634888.5122
493752.7312 7634789.5535
493733.1327 7634692.0470
493730.9206 7634591.7995
493728.7085 7634491.5519
493797.2474 7634469.2051
493896.8199 7634481.0279
493996.3924 7634492.8508
494096.1674 7634501.7798
494196.4161 7634503.9412
494220.8997 7634428.3957
494197.1003 7634331.5606
494168.7999 7634235.3652
494143.3992 7634138.3742
494118.6416 7634041.2067
494093.8841 7633944.0391
494075.2665 7633849.1357
494151.6918 7633787.1268
494181.9016 7633691.9991
494183.3606 7633592.4435
494156.4940 7633495.9064
494137.2306 7633397.5022
494117.9671 7633299.0981
494101.1617 7633200.3218
494061.9857 7633125.1216
493964.9886 7633099.7043
493867.9916 7633074.2871
493844.2675 7632994.5210
493848.0909 7632894.3220
493851.9144 7632794.1229
493914.3838 7632719.0565
493894.4918 7632626.6191
493814.6281 7632566.2753
493731.6359 7632516.5074
493711.0982 7632418.3613
493690.5605 7632320.2151
493670.0228 7632222.0690
493676.0329 7632139.2666
493720.4217 7632084.7314
493680.5419 7631992.7486
493638.6062 7631901.6670
493594.1523 7631812.6811
493512.2013 7631754.9014