488811.5899 7630171.6042
488782.1193 7630266.9799
488795.6733 7630366.3696
488822.1846 7630463.1102
488859.7969 7630556.1504
488897.4093 7630649.1907
488933.8471 7630742.6038
488957.0101 7630840.2460
488984.0562 7630936.7895
489025.3470 7631028.2462
489070.5296 7631117.8549
489115.8487 7631207.3934
489162.3820 7631296.3082
489208.9153 7631385.2230
489254.6972 7631474.4954
489294.9946 7631566.3831
489341.1605 7631655.4533
489393.7707 7631740.9099
489448.0912 7631825.2927
489503.2939 7631909.0475
489565.7039 7631987.6198
489631.4951 7632063.4004
489697.2863 7632139.1809
489762.8181 7632215.1821
489827.0181 7632292.3154
489891.2181 7632369.4486
489958.2633 7632443.6106
490037.8220 7632504.7725
490116.3018 7632567.3194
490194.7816 7632629.8662
490272.3768 7632693.4595
490347.1134 7632760.4342
490417.0993 7632831.5069
490472.3817 7632915.2627
490527.6641 7632999.0186
490595.2759 7633070.6042
490683.0931 7633118.0019
490776.1341 7633155.6125
490869.1751 7633193.2231
490914.3355 7633276.7766
490971.8942 7633357.9268
491046.4884 7633424.6145
491135.3685 7633470.0351
491206.2490 7633412.3252
491273.4287 7633337.7748
491339.8816 7633262.5738
491406.3345 7633187.3728
491485.7152 7633132.5278
491582.0347 7633104.3547
491678.3543 7633076.1816
491774.2058 7633058.2183
491866.9010 7633079.1192
491951.3897 7633027.2070
492017.8503 7632952.3351
492056.4221 7632865.5783
492036.1216 7632767.7604
491998.1236 7632675.1265
491956.2244 7632584.3482
491926.3284 7632488.5494
491896.4325 7632392.7506
491866.5365 7632296.9518
491871.1096 7632199.7207
491855.1695 7632103.5544
491824.2006 7632008.0971
491866.6688 7631921.3971
491865.0648 7631825.3661
491777.1368 7631776.9943
491688.9675 7631729.0636
491602.3786 7631679.0076
491531.0971 7631608.3667
491459.8156 7631537.7259
491397.4566 7631460.3284
491340.4481 7631378.7070
491271.0643 7631306.2013
491201.6805 7631233.6957
491137.9233 7631156.5945
491067.2261 7631088.6390
490982.1632 7631035.4476
490898.4601 7630980.0854
490814.7570 7630924.7233
490738.8854 7630859.6236
490659.8640 7630798.2433
490573.6704 7630747.0857
490485.6518 7630698.8788
490397.6332 7630650.6719
490324.9350 7630582.8395
490232.3779 7630556.2462
490132.9018 7630542.9909
490033.4258 7630529.7356
489949.6165 7630476.7197
489867.8357 7630418.5553
489786.0549 7630360.3910
489692.3936 7630325.4671
489596.4624 7630296.0134
489500.4407 7630266.8412
489404.4190 7630237.6690
489304.4331 7630238.1056
489204.1192 7630240.9906
489103.8054 7630243.8756
489006.3761 7630220.0095
488908.9830 7630195.8069
488811.5899 7630171.6042