488556.9193 7635047.1008
488477.1818 7635105.0794
488443.2130 7635198.9607
488414.9303 7635294.7289
488386.6477 7635390.4971
488361.9939 7635486.7932
488367.1308 7635585.7460
488407.8877 7635674.3647
488485.6852 7635736.7750
488559.0174 7635804.5529
488632.3496 7635872.3308
488679.4457 7635953.9309
488731.3719 7636020.9962
488826.4456 7636051.5322
488921.5193 7636082.0682
489007.6287 7636132.1595
489093.3462 7636085.6578
489154.0895 7636006.4006
489197.7939 7635928.9468
489117.2337 7635870.7896
489029.6752 7635822.7795
488942.1167 7635774.7694
488873.5995 7635705.7422
488823.3987 7635619.6121
488777.1073 7635531.1330
488764.5295 7635486.2618
488838.5011 7635553.3413
488929.7885 7635542.0212
488988.8730 7635464.8818
489042.5698 7635380.6909
489036.7281 7635283.0473
489012.0526 7635186.3740
488947.0222 7635111.7029
488853.0183 7635078.8521
488755.4490 7635057.6573
488656.6690 7635043.0548
488556.9193 7635047.1008