490030.2457 7633372.4093
489943.4999 7633421.4759
489870.3672 7633489.3900
489797.2645 7633557.3364
489724.6793 7633625.8348
489652.9300 7633695.2089
489581.1807 7633764.5831
489506.9732 7633830.5816
489418.9246 7633877.5729
489330.8760 7633924.5642
489253.3633 7633979.7571
489229.4108 7634076.6437
489205.4584 7634173.5303
489192.4812 7634270.8892
489219.6048 7634365.0915
489273.2346 7634449.2615
489328.0169 7634532.6599
489391.2560 7634609.0659
489466.2019 7634674.9738
489545.6134 7634734.5278
489635.2839 7634777.7943
489728.6599 7634813.0314
489818.6250 7634855.1354
489903.1206 7634908.2507
489987.6161 7634961.3661
490065.7816 7635022.4758
490139.5809 7635089.5297
490216.3836 7635153.2640
490201.6167 7635169.0086
490103.9523 7635149.7084
490004.9974 7635136.7215
489906.0424 7635123.7347
489812.3730 7635091.3915
489730.9217 7635127.7092
489716.1763 7635221.4368
489752.2811 7635313.2909
489810.3138 7635394.1953
489904.9921 7635408.5437
490001.8551 7635384.4959
490092.1402 7635376.2663
490143.3897 7635461.9064
490194.6391 7635547.5465
490229.7643 7635637.7418
490253.2468 7635728.1999
490298.4628 7635815.0455
490284.4168 7635905.4927
490263.3629 7636000.6967
490297.9033 7636089.1903
490357.2889 7636169.3706
490417.9614 7636248.6144
490478.6339 7636327.8582
490552.7981 7636393.3205
490633.3136 7636452.2951
490639.6112 7636504.0776
490554.5278 7636555.0226
490476.0537 7636616.6876
490397.5797 7636678.3525
490306.4166 7636695.0244
490207.2267 7636683.9825
490107.6694 7636681.8225
490010.8202 7636701.8676
489915.7184 7636732.1392
489819.8734 7636759.9260
489723.7655 7636786.8332
489627.6575 7636813.7403
489530.0944 7636832.7293
489454.4934 7636877.0251
489440.9450 7636970.1020
489496.1367 7637039.6856
489587.4549 7637079.9561
489678.7732 7637120.2266
489770.0914 7637160.4971
489822.6358 7637242.0808
489872.5104 7637328.5096
489932.4559 7637408.1717
490013.6143 7637465.0567
490095.0281 7637522.7704
490176.2655 7637580.7465
490251.8855 7637643.5919
490298.5289 7637731.8015
490355.3586 7637811.3527
490443.6894 7637857.8113
490532.0202 7637904.2700
490620.0692 7637951.2524
490707.9320 7637998.5740
490800.2381 7638031.6367
490888.2616 7638010.8518
490946.8937 7637930.7517
490996.5388 7637844.1716
491046.1838 7637757.5916
491116.1940 7637693.9383
491208.0245 7637654.8501
491187.6898 7637565.9286
491155.1427 7637471.5812
491157.5549 7637395.3593
491253.4170 7637367.5892
491342.0015 7637370.8448
491369.4558 7637359.2065
491347.0758 7637261.9446
491324.6959 7637164.6827
491296.3160 7637069.2118
491272.7585 7636972.8475
491259.4114 7636873.9405
491355.0991 7636882.9816
491454.2185 7636882.5698
491493.9828 7636793.2769
491478.4305 7636695.4525
491431.0390 7636608.1651
491368.1429 7636531.2797
491323.6103 7636441.9623
491279.0777 7636352.6450
491225.2676 7636268.8332
491154.9267 7636198.7278
491080.4498 7636132.2904
491005.9728 7636065.8530
490937.5583 7635993.3369
490870.9206 7635919.0392
490812.7766 7635838.1176
490756.9547 7635755.3853
490720.7312 7635673.2243
490774.4462 7635590.6510
490786.3646 7635493.8218
490749.6258 7635402.6207
490687.3454 7635324.6618
490627.6950 7635244.6457
490629.8429 7635182.6904
490710.6265 7635129.7742
490762.5634 7635045.8173
490801.2275 7634953.8073
490839.8916 7634861.7974
490863.6530 7634765.2110
490883.2940 7634667.3592
490929.1784 7634601.5352
491003.4792 7634562.5678
491010.3103 7634466.5166
490996.7327 7634367.6410
490983.1551 7634268.7654
490980.1530 7634169.2244
490942.0290 7634079.1081
490871.9723 7634009.3829
490781.1777 7633970.2101
490691.5325 7633926.5610
490602.6193 7633881.2270
490513.7061 7633835.8929
490466.9492 7633748.6388
490422.1156 7633659.4722
490360.8147 7633580.8058
490287.6272 7633513.0026
490210.1697 7633450.0734
490127.4752 7633394.2126
490030.2457 7633372.4093