571535.6421 7661447.1112
571398.3790 7661592.5777
571261.1160 7661738.0442
571229.7628 7661872.3015
571394.4353 7661985.8120
571563.9327 7662091.0098
571744.1737 7662177.6979
571924.4147 7662264.3861
572043.9591 7662410.0248
572125.3512 7662592.7185
572221.2964 7662768.1168
572259.9057 7662920.9168
572070.4040 7662983.4508
571874.2457 7663022.4835
571678.0873 7663061.5161
571481.2310 7663057.5580
571287.4334 7663079.4338
571226.0442 7663249.5662
571196.7428 7663447.4123
571158.5687 7663643.6916
571118.3395 7663839.6081
571091.0562 7664037.6496
571068.3244 7664236.3561
571045.9494 7664435.1047
571074.4298 7664632.5975
571106.5870 7664829.9995
571138.7442 7665027.4015
571162.8602 7665225.9374
571186.5401 7665424.5348
571198.7609 7665621.4840
571120.0709 7665805.3577
571041.3810 7665989.2314
570974.9495 7666175.6772
570982.6992 7666374.4639
571035.5962 7666567.3161
571101.8145 7666755.4669
571197.5735 7666931.0445
571297.1951 7667104.4722
571396.8167 7667277.8999
571493.0751 7667453.0759
571574.7801 7667635.5299
571646.1840 7667822.3537
571717.5878 7668009.1775
571779.5341 7668198.7532
571819.8386 7668394.6535
571864.1557 7668589.6194
571924.3591 7668779.8733
572014.9639 7668957.1254
572143.6617 7669107.9638
572309.8698 7669215.9175
572500.3063 7669261.5759
572697.4964 7669234.6702
572888.3429 7669175.1532
573075.7779 7669105.4224
573260.7867 7669029.5377
573444.0217 7668949.3860
573628.1370 7668871.2632
573812.2524 7668793.1404
573993.5132 7668709.1335
574162.0443 7668602.8449
574312.8768 7668471.7473
574456.0413 7668332.0848
574599.2057 7668192.4224
574750.8823 7668063.4606
574919.1640 7667955.3731
575088.3590 7667848.7479
575259.3231 7667744.9551
575430.2871 7667641.1623
575608.4442 7667553.6785
575800.3722 7667497.4176
575992.3002 7667441.1568
576140.0277 7667476.4041
576215.2711 7667661.7149
576290.5145 7667847.0256
576315.3530 7668039.3340
576293.4346 7668238.1334
576271.5162 7668436.9329
576194.1693 7668613.2577
576071.4458 7668771.1837
575958.9035 7668936.1424
575854.6391 7669106.8192
575751.0030 7669277.8770
575663.8447 7669457.1737
575600.3450 7669646.5560
575565.0871 7669842.6108
575559.8326 7670042.1391
575617.2486 7670227.6931
575742.4183 7670380.7222
575902.8890 7670498.2554
576076.6567 7670597.2114
576252.0920 7670693.2535
576429.3242 7670785.8743
576614.0960 7670861.1226
576803.6806 7670924.8353
576993.2653 7670988.5479
577184.6240 7671046.4681
577381.1782 7671077.6960
577580.6914 7671091.7002
577780.1444 7671089.0506
577971.7171 7671040.0177
578157.3793 7670965.6458
578343.0416 7670891.2738
578456.0148 7670972.9856
578518.5720 7671162.9547
578577.1731 7671353.8739
578623.7078 7671544.3584
578751.0097 7671698.6175
578878.3116 7671852.8766
578980.7378 7672019.2080
579034.1085 7672211.1552
579147.7278 7672354.4848
579300.8005 7672293.0516
579416.8581 7672130.1643
579532.9157 7671967.2769
579658.4139 7671811.8348
579789.7625 7671661.0064
579921.1111 7671510.1781
580068.7931 7671376.5680
580229.9723 7671258.2441
580393.3397 7671142.8632
580556.7070 7671027.4822
580740.5165 7671022.0638
580934.4353 7671071.0247
581128.3540 7671119.9855
581324.6853 7671157.7777
581521.5232 7671193.2245
581718.3612 7671228.6714
581831.6513 7671387.0502
581937.0636 7671557.0205
582097.9122 7671674.0345
582293.2767 7671711.8825
582493.1405 7671713.7776
582693.1445 7671714.0098
582821.4006 7671780.1261
582804.6203 7671979.4250
582787.8401 7672178.7240
582707.9077 7672337.2801
582533.2452 7672434.7204
582358.5826 7672532.1608
582174.3914 7672605.0934
581979.7805 7672651.2265
581803.6767 7672735.5874
581712.4576 7672900.1336
581715.2535 7673096.7533
581766.9198 7673289.3591
581830.8722 7673478.8630
581910.5775 7673661.7607
582013.9137 7673832.5613
582125.8591 7673998.3017
582237.8045 7674164.0421
582203.3915 7674323.0149
582076.6290 7674477.7176
581943.5381 7674625.8544
581920.1754 7674747.1017
582100.4583 7674809.4562
582300.0695 7674805.1898
582499.4992 7674790.0428
582699.1098 7674789.8608
582898.8475 7674800.1820
583098.5851 7674810.5032
583274.1778 7674892.8138
583449.0387 7674989.1757
583627.0075 7675080.4317
583804.6692 7675172.2901
583982.3310 7675264.1484
584127.5832 7675397.5585
584259.9370 7675547.5056
584392.2907 7675697.4527
584317.8475 7675871.6226
584484.9048 7675970.6244
584684.8898 7675967.8542
584884.8747 7675965.0840
585077.9691 7675986.6430
585246.8010 7676093.8692
585415.6328 7676201.0954
585583.6043 7676309.6292
585750.5641 7676419.6121
585922.6667 7676521.5058
586094.7693 7676623.3996
586244.4979 7676748.6052
586366.2168 7676905.6932
586521.2380 7677030.2314
586695.7145 7677127.7706
586874.1132 7677218.1849
587051.9887 7677309.6288
587229.8641 7677401.0726
587370.1842 7677527.7342
587450.0240 7677711.1116
587529.8639 7677894.4889
587440.0674 7677996.5163
587247.0893 7678049.0623
587054.3366 7678100.5184
586898.0387 7677975.7281
586741.6669 7677851.0371
586577.1536 7677737.3357
586397.2733 7677649.9025
586215.7515 7677565.9327
586031.3830 7677488.4090
585847.0113 7677410.8932
585662.3543 7677334.0623
585475.5210 7677262.6833
585288.6877 7677191.3043
585102.1427 7677119.3216
584929.1828 7677018.8899
584756.2229 7676918.4582
584584.2412 7676816.8252
584450.0118 7676668.7549
584284.1737 7676557.1994
584097.8151 7676484.5901
583911.4565 7676411.9807
583725.4785 7676338.5283
583547.6256 7676247.0524
583366.5481 7676162.1612
583180.7490 7676088.1553
582991.7570 7676022.7931
582798.0745 7675973.0591
582600.6570 7675942.1986
582401.9198 7675954.3095
582220.7322 7676038.8542
582047.0254 7676137.9885
581873.4537 7676237.3552
581702.9176 7676341.4601
581548.6631 7676468.7676
581394.5602 7676596.2585
581240.4572 7676723.7494
581081.2457 7676835.9180
580881.4675 7676826.4138
580681.8951 7676826.0636
580482.7454 7676844.5317
580283.5958 7676862.9998
580084.4169 7676881.1445
579885.1868 7676898.7229
579685.9566 7676916.3013
579487.5007 7676914.3587
579289.2944 7676890.3862
579089.6425 7676890.8876
578890.5661 7676909.6338
578695.2413 7676948.3881
578512.8446 7677027.1027
578346.6569 7677137.9795
578186.5361 7677257.8229
578025.8925 7677376.9668
577865.2489 7677496.1108
577692.4955 7677591.7877
577502.3100 7677653.6836
577312.1244 7677715.5795
577118.2587 7677760.8725
576919.8720 7677786.2266
576722.3352 7677817.1762
576525.6458 7677853.4382
576328.9564 7677889.7002
576130.9910 7677903.0560
575931.4909 7677888.8651
575731.9909 7677874.6742
575545.0810 7677818.5134
575370.7109 7677720.5505
575187.7938 7677642.5803
575005.3427 7677665.6540
574866.2357 7677802.6205
574882.1692 7677971.0959
574984.8382 7678142.7372
575087.5072 7678314.3784
575073.6038 7678508.1025
575191.6440 7678659.8948
575388.0013 7678661.3193
575573.6253 7678588.2138
575760.2313 7678516.2483
575946.9068 7678444.4576
576133.5822 7678372.6668
576324.0023 7678429.5048
576514.5381 7678490.3142
576694.4170 7678562.1767
576762.1402 7678750.3660
576829.8635 7678938.5553
576829.9739 7679111.1986
576686.8575 7679250.9103
576543.7411 7679390.6219
576393.1564 7679521.3215
576229.2970 7679636.0027
576065.4377 7679750.6838
575897.0938 7679858.0779
575720.8788 7679952.6818
575544.6637 7680047.2857
575363.3852 7680130.0936
575173.4227 7680192.6707
574983.4602 7680255.2477
574790.0992 7680302.0300
574592.8429 7680332.6804
574439.5330 7680430.0868
574429.1500 7680611.0924
574512.3746 7680792.9586
574595.5991 7680974.8248
574706.2245 7681138.9991
574840.0243 7681287.6336
574975.5221 7681434.7458
575116.8099 7681576.1379
575275.9486 7681695.9098
575448.3646 7681797.0603
575632.6922 7681872.3631
575827.1798 7681916.9383
576025.6064 7681940.6227
576225.1463 7681953.8808
576424.8597 7681964.6599
576624.5732 7681975.4391
576820.7785 7682009.5084
577014.8058 7682058.0374
577210.4511 7682099.1358
577408.4770 7682126.2204
577607.3206 7682147.7345
577806.1643 7682169.2486
578000.3311 7682213.9280
578194.0853 7682263.1512
578391.7241 7682291.2063
578590.8101 7682310.3477
578789.8961 7682329.4891
578915.4457 7682455.3556
579004.2374 7682634.5697
579093.0290 7682813.7838
579273.3305 7682874.3535
579424.0281 7682742.8550
579574.7258 7682611.3565
579728.2352 7682485.3912
579923.2936 7682441.1883
580117.1502 7682393.7513
580292.7344 7682298.2503
580453.8203 7682179.7062
580613.6672 7682059.4956
580773.5141 7681939.2849
580935.7489 7681823.4050
581122.7221 7681752.3934
581309.6954 7681681.3818
581496.6596 7681610.3464
581682.4028 7681536.6308
581858.2276 7681441.3535
582038.2914 7681354.2978
582218.3552 7681267.2422
582400.2544 7681185.0668
582593.0590 7681131.8875
582785.8636 7681078.7081
582979.7689 7681037.6362
583179.0028 7681055.1720
583378.2367 7681072.7077
583575.0559 7681100.5932
583761.4797 7681173.0350
583947.9035 7681245.4769
584092.3367 7681355.6643
584144.5752 7681548.7259
584196.8136 7681741.7876
584204.4845 7681939.9658
584211.6249 7682139.6734
584237.2297 7682337.8799
584267.1736 7682535.6297
584297.1176 7682733.3796
584314.7968 7682932.5197
584426.1440 7683093.1116
584597.6048 7683193.7822
584773.3689 7683289.2213
584949.1331 7683384.6605
584905.7531 7683574.4618
584854.3074 7683767.7362
584702.3281 7683740.9834
584522.5380 7683653.3639
584345.2797 7683562.2396
584205.6027 7683419.0894
584065.9256 7683275.9393
583926.1458 7683132.8905
583782.9794 7682993.7205
583613.9751 7682907.3618
583478.4889 7683050.4411
583390.4742 7683230.0380
583302.4594 7683409.6349
583229.7026 7683595.2405
583171.6220 7683786.6257
583113.5414 7683978.0109
583093.9915 7684175.2628
583092.4794 7684375.2612
583090.9674 7684575.2596
583088.6983 7684775.2503
583141.5883 7684965.3091
583222.2520 7685148.2426
583305.8231 7685329.9498
583389.3942 7685511.6570
583465.1837 7685696.6839
583538.5114 7685882.7610
583634.9012 7686057.4330
583766.3243 7686207.0251
583928.9811 7686321.7575
584104.8620 7686416.7364
584282.4496 7686508.7380
584460.0372 7686600.7395
584616.7996 7686723.6906
584768.9189 7686853.5418
584921.0382 7686983.3931
585051.5117 7687134.4484
585194.8439 7687273.6598
585340.6686 7687410.5422
585486.4933 7687547.4247
585668.6661 7687627.4561
585841.9021 7687727.2663
586014.6802 7687828.0105
586023.9742 7687903.9333
585827.2385 7687937.6755
585628.2336 7687957.6432
585429.2288 7687977.6109
585254.2659 7687913.9117
585096.2192 7687791.3438
584938.1725 7687668.7759
584764.8016 7687571.5043
584566.8416 7687550.2604
584367.4609 7687534.4817
584170.4275 7687500.4577
583973.5457 7687465.2552
583779.1377 7687423.1271
583603.8878 7687326.8217
583423.7182 7687239.9851
583243.5487 7687153.1485
583067.6626 7687060.2088
582924.7461 7686920.2927
582781.8295 7686780.3766
582650.9263 7686632.9535
582587.8146 7686443.1680
582524.7028 7686253.3824
582460.8612 7686063.8491
582393.0204 7685875.7034
582321.4048 7685689.0480
582232.6756 7685510.3166
582117.5260 7685346.7861
581999.9655 7685185.1225
581865.4695 7685037.9740
581701.2916 7684926.1903
581511.5375 7684863.5722
581315.8787 7684823.3704
581120.8081 7684824.9191
580952.6030 7684929.6311
580817.8443 7685077.4206
580683.0856 7685225.2102
580538.8839 7685361.0323
580363.8054 7685457.7233
580188.7268 7685554.4143
580011.7338 7685647.2359
579829.2423 7685729.0411
579654.7095 7685824.5889
579521.1788 7685966.0769
579483.6375 7686155.6667
579564.0566 7686330.0665
579723.4415 7686449.6513
579904.5627 7686529.2421
580101.1111 7686544.1169
580297.1946 7686505.2823
580491.2869 7686457.0141
580685.3793 7686408.7459
580881.1888 7686384.5495
581080.1673 7686404.7777
581279.1459 7686425.0058
581456.6270 7686489.5717
581595.7401 7686633.2700
581734.8532 7686776.9682
581664.7944 7686870.9236
581475.8865 7686936.6157
581285.6408 7686989.1051
581087.1904 7686964.7758
580887.4819 7686954.4592
580687.7074 7686956.3231
580491.2843 7686988.7384
580310.2767 7687071.9880
580148.6278 7687189.7644
579986.9789 7687307.5408
579817.4937 7687403.4058
579617.8174 7687414.8517
579418.1410 7687426.2975
579222.7949 7687412.3167
579038.1631 7687335.4224
578853.5313 7687258.5280
578677.7607 7687166.7252
578521.9815 7687041.2880
578366.3340 7686915.6878
578210.9782 7686789.7267
578055.6223 7686663.7656
577899.6665 7686538.5557
577732.6674 7686432.1949
577541.5860 7686379.1054
577346.1815 7686390.8205
577210.2920 7686506.0478
577158.6984 7686699.2756
577105.4284 7686892.0552
577052.1584 7687084.8348
576991.9669 7687275.4915
576999.6583 7687468.3807
577084.8127 7687646.7603
577230.9633 7687777.1376
577403.2029 7687878.5364
577578.1205 7687975.5182
577753.0381 7688072.5001
577914.1787 7688189.7573
578068.7602 7688316.6675
578223.3418 7688443.5777
578344.3037 7688600.0076
578468.2852 7688756.2163
578635.3420 7688859.2206
578817.4513 7688941.9117
578999.5607 7689024.6029
579164.7342 7689135.4305
579323.0515 7689257.6487
579452.6861 7689407.8330
579570.8613 7689569.1907
579655.0820 7689719.7905
579465.5491 7689783.6571
579276.0163 7689847.5237
579084.2014 7689860.7310
578889.6939 7689814.1641
578695.1864 7689767.5972
578514.7377 7689689.6106
578350.4024 7689575.6125
578186.0672 7689461.6144
578159.3169 7689312.4811
578131.4820 7689141.1876
577963.2402 7689088.5445
577763.5085 7689098.9802
577580.4063 7689063.6879
577428.9296 7688933.6242
577249.9438 7688859.9040
577051.1925 7688837.5532
576852.4412 7688815.2025
576655.6977 7688780.9731
576459.2114 7688744.2901
576261.2746 7688715.6538
576062.1155 7688702.6595
575870.2018 7688743.6200
575734.3552 7688876.7161
575640.3425 7689053.0683
575551.6261 7689232.3196
575462.9097 7689411.5710
575334.7269 7689561.3525
575204.3051 7689712.2312
575094.8097 7689879.2635
574991.0456 7690050.2449
574887.2815 7690221.2264
574830.9912 7690410.3001
574917.3458 7690576.3760
575041.7821 7690732.9559
575166.2184 7690889.5357
575331.2411 7691001.3539
575515.4464 7691078.9346
575706.6651 7691137.4359
575898.1446 7691195.2047
576096.7161 7691218.0128
576295.5707 7691239.4253
576495.0888 7691253.2935
576692.7731 7691223.9057
576890.3984 7691193.1507
577088.4101 7691219.7326
577286.4319 7691247.8217
577473.6044 7691292.3999
577578.5368 7691462.6493
577695.2834 7691623.3628
577857.0188 7691741.0196
578019.4236 7691857.7514
578181.8285 7691974.4832
578343.2346 7692092.5179
578498.1497 7692219.0207
578658.9005 7692332.4874
578856.6665 7692361.9912
579055.9221 7692378.6077
579255.8689 7692383.3937
579455.8158 7692388.1796
579653.4836 7692403.4778
579837.4609 7692481.9253
580021.4381 7692560.3728
580207.6767 7692622.4614
580402.2342 7692585.1676
580577.7366 7692489.2481
580753.2391 7692393.3287
580930.8134 7692301.9684
581116.8520 7692229.0927
581295.0206 7692138.2214
581473.1892 7692047.3501
581655.8445 7691977.7907
581841.8420 7691950.2682
581987.3209 7691813.1983
582124.7933 7691667.9296
582261.6176 7691522.0574
582396.6207 7691374.4914
582522.7959 7691220.2710
582626.5855 7691049.3050
582730.3750 7690878.3389
582854.3934 7690728.7659
583030.8932 7690634.6943
583207.3930 7690540.6227
583385.0055 7690448.7481
583555.6348 7690347.8425
583703.3809 7690213.0363
583851.1271 7690078.2301
584016.6541 7690019.4739
584208.8538 7690074.7994
584401.0536 7690130.1248
584546.4568 7690248.6837
584655.5374 7690416.3234
584689.4458 7690529.1608
584494.7022 7690489.9200
584294.7005 7690490.6466
584094.7051 7690492.5158
583894.9883 7690499.2366
583713.8543 7690555.8731
583577.4226 7690702.1196
583440.9910 7690848.3661
583290.2737 7690975.9145
583117.8504 7691076.5706
582957.8583 7691196.2443
582810.1965 7691330.8061
582687.6528 7691486.5297
582641.6455 7691670.9314
582677.7914 7691867.6344
582715.9681 7692063.9612
582754.1449 7692260.2879
582827.3225 7692442.9084
582969.7241 7692574.4519
583143.5288 7692673.4143
583317.3336 7692772.3767
583481.2896 7692885.8072
583637.0921 7693011.2154
583792.8947 7693136.6236
583894.6430 7693299.6704
583958.2083 7693489.3045
584092.1964 7693616.1246
584281.9142 7693615.1434
584476.2510 7693567.8690
584670.5877 7693520.5946
584682.4041 7693643.7044
584621.8908 7693834.3343
584501.3775 7693971.1499
584318.4284 7694051.9662
584135.4794 7694132.7826
583948.0264 7694144.0259
583756.1844 7694087.4722
583564.3425 7694030.9185
583430.7075 7693894.2142
583309.5150 7693735.2210
583171.8340 7693590.5462
583001.9902 7693488.6163
582816.2569 7693414.8965
582628.8257 7693345.1027
582441.3945 7693275.3089
582247.3391 7693228.2643
582048.7934 7693235.9302
581850.9747 7693265.0066
581655.9476 7693308.9693
581466.1030 7693371.4765
581277.3924 7693437.7326
581117.0743 7693554.6000
580988.4197 7693707.1076
580863.4421 7693863.2558
580722.1647 7694004.6113
580578.8359 7694144.1051
580435.5071 7694283.5988
580300.6595 7694431.2594
580166.6764 7694579.7523
580034.8336 7694730.1462
579903.2016 7694880.7273
579776.3190 7695035.3193
579661.5343 7695199.0431
579554.4518 7695367.9483
579559.4006 7695564.6774
579618.7093 7695755.2240
579681.9009 7695944.9830
579800.6122 7696104.8554
579959.4504 7696225.4660
580153.7968 7696266.2719
580353.5464 7696272.3172
580553.5389 7696270.7630
580753.5332 7696268.7892
580950.4804 7696253.0599
581132.5974 7696170.3856
581314.7145 7696087.7114
581501.7135 7696018.6419
581694.8446 7695966.6607
581886.4593 7695909.6317
582076.2650 7695846.5807
582266.0708 7695783.5298
582457.8364 7695727.1870
582651.7326 7695678.1371
582845.6288 7695629.0872
583039.7181 7695580.8138
583234.0084 7695533.3486
583428.7146 7695487.6574
583623.8530 7695443.8095
583818.9915 7695399.9616
584015.7605 7695365.4340
584213.2200 7695334.2635
584409.6839 7695296.7988
584606.1477 7695259.3340
584801.2076 7695215.6117
584994.3881 7695163.8451
585184.3581 7695101.9275
585371.5556 7695031.5093
585558.7532 7694961.0911
585728.9120 7694991.4997
585882.5752 7695119.5203
585950.1944 7695236.4004
585768.9941 7695321.0649
585587.7937 7695405.7294
585402.1223 7695478.1060
585208.8832 7695529.6840
585015.6441 7695581.2619
584821.9383 7695630.9987
584627.4596 7695677.6859
584432.9810 7695724.3731
584238.0466 7695769.0422
584042.5294 7695811.1595
583847.0423 7695853.4062
583651.2128 7695894.0567
583455.3833 7695934.7071
583259.9221 7695977.0371
583065.8875 7696025.3461
582873.1911 7696078.9164
582680.4948 7696132.4867
582488.4491 7696188.2702
582300.8264 7696256.4999
582119.2331 7696340.2908
581938.7656 7696426.5065
581758.2982 7696512.7223
581576.3577 7696595.6641
581392.1366 7696673.5374
581207.9156 7696751.4107
581020.7216 7696821.0103
580829.1080 7696878.3325
580637.5552 7696935.8579
580444.0752 7696985.5553
580247.7098 7697023.5326
580051.3444 7697061.5098
579856.0599 7697062.9033
579662.2794 7697013.3982
579468.4988 7696963.8931
579285.6503 7696889.0172
579116.5764 7696782.1730
578947.5026 7696675.3288
578795.3540 7696548.6621
578663.3349 7696398.4203
578531.3158 7696248.1785
578450.1388 7696071.1843
578355.7440 7695899.4053
578184.6466 7695825.1446
577990.6920 7695852.9206
577796.1463 7695898.5971
577600.1687 7695938.5276
577404.1911 7695978.4581
577207.2239 7695968.6203
577008.7732 7695973.4853
576812.4238 7696010.1014
576617.1681 7696053.4243
576421.3947 7696094.3120
576225.4024 7696134.1699
576029.4101 7696174.0278
575831.0313 7696172.7362
575631.7453 7696155.8028
575432.4593 7696138.8693
575233.3307 7696120.2057
575033.6193 7696111.5688
574833.6699 7696106.8909
574633.7205 7696102.2131
574434.4417 7696086.5527
574235.3032 7696094.6079
574065.6786 7696189.5416
573944.0325 7696346.0963
573836.1227 7696514.4740
573720.6532 7696677.7104
573603.3969 7696839.7370
573486.1405 7697001.7635
573385.0044 7697174.2140
573351.4416 7697370.7024
573416.5804 7697556.7080
573613.0987 7697541.1369
573797.8792 7697464.6006
573982.6597 7697388.0643
574172.5937 7697337.4228
574372.5158 7697334.0630
574566.8979 7697300.8950
574755.4190 7697237.8007
574952.3929 7697203.1171
575149.3667 7697168.4335
575290.0899 7697289.9239
575419.7103 7697442.2399
575549.3308 7697594.5560
575651.3275 7697766.1409
575749.5026 7697940.3916
575847.6776 7698114.6423
575775.9846 7698291.7774
575683.7821 7698469.2608
575570.5564 7698629.5903
575447.5240 7698777.3321
575419.6266 7698971.3687
575490.8165 7699145.0092
575657.8588 7699245.1565
575846.1813 7699310.0730
576027.0312 7699395.4834
576207.8812 7699480.8938
576225.6572 7699635.5064
576161.4308 7699824.9177
576097.2045 7700014.3290
576056.2061 7700209.3681
576070.1478 7700406.6597
576127.6373 7700597.5199
576278.8887 7700704.7562
576476.3471 7700710.4826
576676.1768 7700702.1306
576872.2022 7700664.6150
577040.1974 7700559.4388
577184.7232 7700421.6399
577321.5828 7700275.8167
577452.8309 7700124.9210
577574.6622 7699966.3610
577695.2798 7699806.8209
577815.8975 7699647.2808
578003.8869 7699593.5236
578199.4654 7699551.6824
578395.0439 7699509.8411
578589.8789 7699554.9219
578784.7130 7699600.1028
578977.0406 7699648.7144
579079.3032 7699820.5981
579181.5659 7699992.4817
579289.0640 7700160.5656
579426.3536 7700304.9455
579593.0212 7700413.8953
579780.1878 7700483.5227
579974.3180 7700531.6384
580168.4482 7700579.7540
580363.7666 7700619.4010
580563.4333 7700620.6381
580760.8310 7700591.9757
580941.5688 7700516.9303
581052.7527 7700358.6296
581096.2862 7700163.4207
581139.8696 7699968.2231
581183.4530 7699773.0254
581247.0073 7699586.1311
581354.6646 7699417.5739
581462.3218 7699249.0166
581594.8840 7699107.9734
581766.8389 7699007.0359
581922.5379 7698881.9715
582070.2421 7698747.1193
582217.9464 7698612.2672
582386.7652 7698551.3547
582583.4070 7698587.8737
582780.0489 7698624.3927
582767.2880 7698803.9208
582739.6995 7699001.9827
582788.6829 7699194.2044
582909.4871 7699351.9091
583039.9985 7699503.4567
583197.7490 7699625.7742
583358.1664 7699745.2226
583441.2423 7699924.6812
583517.0977 7700109.7423
583569.5458 7700297.7276
583541.5493 7700495.7625
583518.4554 7700694.2293
583547.8351 7700883.5861
583668.2600 7701042.5607
583811.0258 7701182.2247
583964.5743 7701310.3827
584118.1229 7701438.5408
584194.9497 7701582.6937
584105.4037 7701761.5321
584015.8576 7701940.3704
584181.8662 7702001.0322
584381.2702 7701990.9331
584581.2005 7701995.1872
584781.1436 7702000.1250
584968.6058 7702024.1326
585069.3428 7702186.9199
585258.6425 7702202.8134
585436.0311 7702113.9861
585593.0025 7701990.2963
585743.2483 7701858.2818
585893.4942 7701726.2673
586069.4674 7701745.1835
586254.9638 7701819.9681
586440.4602 7701894.7527
586544.1440 7702053.2610
586623.1911 7702236.9814
586744.3921 7702394.7875
586940.8378 7702386.5817
587106.2944 7702274.5912
587293.7857 7702204.9590
587481.2771 7702135.3269
587598.1798 7702202.1758
587736.1450 7702256.7880
587921.2449 7702183.8135
588102.7811 7702099.8717
588284.3174 7702015.9298
588469.4715 7702072.9829
588666.6631 7702102.2754
588860.7114 7702059.1048
589005.3462 7701924.0250
589195.0946 7701977.5498
589386.2117 7702036.5066
589541.8096 7702125.3653
589671.3971 7702190.2553
589860.3965 7702129.7614
590000.3695 7702218.7921
590121.2363 7702378.1434
590242.1032 7702537.4948
590124.1399 7702695.5941
590008.4509 7702858.7393
589969.3276 7703054.5637
590025.4111 7703246.1121
590201.5491 7703340.8594
590377.6871 7703435.6068
590554.4019 7703528.6020
590743.6435 7703524.9986
590894.0428 7703394.0884
591023.7886 7703241.8792
591153.2111 7703089.3949
591282.6336 7702936.9106
591411.6575 7702784.0916
591542.8447 7702633.3208
591683.6623 7702491.2925
591824.4799 7702349.2641
591984.9894 7702351.6747
592158.6876 7702450.8240
592332.3858 7702549.9733
592515.3494 7702629.3271
592702.7534 7702699.1939
592896.8662 7702744.7316
593095.0015 7702771.3658
593290.7720 7702810.9603
593485.4351 7702856.8726
593680.0981 7702902.7850
593853.6578 7702998.0270
594034.7387 7703081.5620
594231.4277 7703095.0155
594430.0880 7703073.6838
594628.4017 7703047.7353
594816.3500 7703035.3611
594843.5445 7703233.5078
594870.9129 7703431.6296
594907.4316 7703626.7449
595024.7782 7703784.9010
595204.3979 7703872.7148
595390.8880 7703944.2381
595586.0953 7703987.0864
595784.9059 7704008.3517
595984.7447 7704015.8589
596184.7482 7704015.3482
596384.5244 7704011.4334
596580.9150 7703978.2509
596765.1623 7703900.4911
596946.6440 7703816.4314
597128.1257 7703732.3717
597312.5614 7703660.0492
597512.2134 7703648.1862
597711.8654 7703636.3233
597836.7675 7703690.9160
597801.6124 7703887.8062
597766.4572 7704084.6964
597670.8245 7704254.0529
597545.4104 7704409.8507
597419.9963 7704565.6484
597253.4410 7704672.2879
597104.8512 7704804.7042
596957.7745 7704940.2214
596810.0183 7705075.0166
596662.2621 7705209.8118
596482.5900 7705294.4385
596297.8816 7705371.1489
596113.1733 7705447.8593
595917.3084 7705484.9407
595719.7087 7705515.8595
595522.1089 7705546.7784
595326.8332 7705510.5387
595131.8436 7705466.0337
594936.8540 7705421.5287
594758.3941 7705332.1210
594581.0892 7705239.5757
594403.7844 7705147.0304
594254.4669 7705014.2591
594091.5847 7704898.2622
593923.1530 7704790.4201
593740.9449 7704708.0766
593547.2620 7704658.4815
593347.4576 7704665.3895
593149.3389 7704692.7228
592953.1057 7704731.3645
592758.1270 7704775.9141
592570.5173 7704845.1937
592400.3950 7704950.3526
592228.8799 7705053.2322
592057.3647 7705156.1117
591884.7394 7705255.4211
591685.1279 7705267.9473
591485.5164 7705280.4735
591285.9437 7705293.4406
591087.2745 7705316.4061
590889.9090 7705348.7869
590692.6311 7705381.6361
590497.2265 7705423.9849
590306.8370 7705485.2506
590117.1498 7705548.2472
589937.8972 7705636.9612
589758.6446 7705725.6751
589575.8341 7705803.9558
589380.1103 7705844.9762
589199.0281 7705914.4790
589064.7559 7706062.7106
588930.4836 7706210.9422
588773.6535 7706330.1073
588596.7332 7706423.3858
588419.8130 7706516.6642
588253.9747 7706627.6519
588113.4473 7706768.6063
588006.3202 7706936.4435
587909.7077 7707111.5641
587813.4578 7707286.8855
587689.1849 7707432.7361
587509.2413 7707520.0399
587329.2977 7707607.3437
587161.4333 7707714.7385
587074.4097 7707883.4822
587152.8058 7708063.5338
587242.2094 7708242.4434
587310.3339 7708420.3297
587204.1769 7708589.8359
587098.0198 7708759.3420
586980.2127 7708918.8607
586828.9158 7709049.6694
586677.6190 7709180.4781
586537.6618 7709322.0374
586469.2546 7709500.9857
586453.8836 7709700.3982
586428.1074 7709898.6029
586397.3866 7710096.2336
586366.6657 7710293.8642
586311.4648 7710485.6859
586264.8355 7710680.0594
586221.1354 7710875.2309
586177.4353 7711070.4025
586038.4136 7711212.8025
585908.7601 7711361.1972
585929.3618 7711559.6304
586015.9754 7711737.7851
586175.1197 7711858.9060
586338.4143 7711974.3899
586502.6398 7712088.4020
586679.2740 7712175.6548
586873.4193 7712141.5275
587047.5238 7712043.0934
587214.0773 7711934.8206
587356.0156 7711793.9926
587503.9288 7711659.3697
587651.8420 7711524.7467
587804.1926 7711395.7119
587955.3508 7711268.4892
588071.0956 7711105.3795
588186.8403 7710942.2697
588321.2177 7710800.1449
588496.8783 7710704.5155
588672.5390 7710608.8860
588844.3871 7710507.0811
589005.5750 7710388.8808
589160.9215 7710262.9082
589314.0479 7710134.3339
589457.7888 7709995.6242
589581.4588 7709839.4424
589665.3047 7709660.3065
589709.6625 7709465.3048
589750.2924 7709269.4711
589790.9223 7709073.6373
589871.4997 7708898.7860
589998.4680 7708745.1664
590092.4284 7708570.0471
590163.9403 7708383.2646
590243.3866 7708199.9711
590332.6984 7708021.0156
590422.0103 7707842.0602
590555.2711 7707705.6777
590731.2958 7707610.7200
590896.9534 7707500.1253
591038.0415 7707359.8145
591178.7362 7707218.7344
591331.1445 7707089.2224
591483.5528 7706959.7104
591646.4081 7707008.1935
591812.9205 7707118.9873
591979.4329 7707229.7811
591935.9584 7707411.5327
591870.7799 7707600.6184
591804.1696 7707789.1117
591716.6862 7707968.9680
591629.2027 7708148.8243
591538.9742 7708326.9320
591412.9536 7708482.2396
591289.4020 7708639.1791
591197.5977 7708816.7514
591128.3783 7709004.2343
591088.8161 7709199.8308
591095.0780 7709399.7245
591109.2915 7709599.2181
591128.1596 7709798.3303
591147.0277 7709997.4424
591164.1871 7710196.6444
591166.6896 7710396.6297
591183.9826 7710592.8819
591314.2746 7710717.5326
591508.9744 7710679.5845
591690.0667 7710594.7947
591867.8006 7710503.0760
592045.5195 7710411.3284
592223.2385 7710319.5808
592398.7642 7710224.0103
592565.0409 7710113.1317
592723.8831 7709991.5965
592882.7253 7709870.0613
593054.1585 7709779.0157
593243.2503 7709725.1037
593418.0892 7709627.9800
593571.3346 7709671.4061
593699.6496 7709824.5547
593822.8845 7709982.0819
593946.1195 7710139.6090
593917.2480 7710329.0955
593867.8317 7710522.8987
593818.4155 7710716.7019
593702.8207 7710879.8083
593586.7806 7711042.7080
593470.4793 7711205.3847
593327.6777 7711345.4181
593184.8761 7711485.4515
593041.8177 7711625.1937
592885.1863 7711749.5534
592736.4401 7711883.2546
592589.8898 7712019.3505
592451.5074 7712163.7316
592325.5260 7712319.0710
592199.5445 7712474.4104
592073.1568 7712629.3853
591932.7171 7712771.7623
591804.9151 7712925.4648
591709.4862 7713101.1057
591644.8143 7713290.3589
591572.9389 7713477.0018
591501.0635 7713663.6447
591420.1860 7713844.2741
591277.4300 7713984.1359
591151.8492 7714139.6694
591039.5395 7714305.1631
590927.2299 7714470.6569
590814.1455 7714635.6065
590696.5755 7714797.4056
590579.0055 7714959.2047
590455.1294 7715115.3046
590306.0124 7715248.5929
590167.7900 7715390.4943
590080.4973 7715569.7391
590020.0187 7715760.3801
589966.9232 7715952.7459
589957.1931 7716149.3276
590036.7128 7716323.8460
590204.8898 7716398.4241
590393.3076 7716334.2230
590570.1003 7716240.7031
590746.8930 7716147.1831
590931.1324 7716099.8236
591129.1722 7716126.3960
591328.5926 7716141.6654
591505.3384 7716089.1739
591655.4060 7715956.9568
591805.4735 7715824.7396
591958.5161 7715696.0600
592114.5060 7715570.8849
592270.4959 7715445.7098
592448.0262 7715371.5764
592646.5329 7715347.1484
592845.0396 7715322.7204
592936.8034 7715477.6313
593009.9822 7715663.7671
593158.4132 7715654.7793
593290.2808 7715504.4045
593422.1484 7715354.0296
593562.2759 7715211.9468
593709.1212 7715076.3276
593849.8163 7714934.1853
593989.3432 7714790.8888
594128.8702 7714647.5923
594295.5241 7714574.9211
594495.1021 7714587.9686
594694.6802 7714601.0160
594796.9844 7714754.7279
594930.8435 7714901.1556
595074.0640 7714783.2592
595181.8362 7714615.2721
595254.4676 7714429.1922
595323.7893 7714241.5860
595393.1243 7714053.9845
595462.4594 7713866.3831
595625.7947 7713807.1164
595825.5724 7713797.6029
596025.3502 7713788.0894
596222.9138 7713812.8286
596419.8043 7713847.9826
596616.6947 7713883.1366
596800.7742 7713823.6517
596900.3817 7713653.6200
596993.0172 7713476.3622
597085.6527 7713299.1045
597205.3327 7713138.9602
597305.3471 7712965.8130
597320.3605 7712766.9704
597332.7869 7712567.3527
597353.5288 7712368.4307
597374.4476 7712169.5236
597396.6128 7711970.8061
597424.2152 7711776.2856
597328.0525 7711601.7852
597192.2343 7711454.9688
597056.4161 7711308.1524
596995.8844 7711159.1866
597123.1054 7711004.8607
597261.9263 7710862.0893
597415.7510 7710734.2628
597519.0564 7710833.6815
597604.2344 7711014.6411
597689.4124 7711195.6006
597710.5868 7711390.7409
597709.8152 7711590.7435
597709.0437 7711790.7462
597856.4451 7711909.1640
598025.8652 7712015.4583
598216.2027 7712075.9441
598412.6281 7712113.3306
598612.4223 7712119.9541
598767.0676 7711993.9741
598910.1864 7711854.2745
599053.1960 7711714.4536
599196.2056 7711574.6326
599356.1186 7711454.5330
599516.1715 7711334.5968
599668.9284 7711205.4993
599812.2115 7711065.9626
599922.4882 7710899.2121
599965.2205 7710703.9286
599956.7931 7710504.1021
599948.2608 7710304.2817
599933.0101 7710104.8669
599904.8395 7709906.8575
599872.2438 7709709.5274
599839.6480 7709512.1973
599834.5779 7709326.6291
599999.7112 7709213.7900
600164.8444 7709100.9509
600324.4522 7708981.7700
600458.8417 7708833.6447
600590.4264 7708683.2208
600706.0699 7708520.2414
600807.3330 7708347.7669
600908.5961 7708175.2925
601026.7110 7708021.3218
601207.8767 7707936.5832
601389.0424 7707851.8446
601571.2859 7707807.3602
601756.7263 7707882.2833
601939.0467 7707963.5075
602116.3248 7708052.7818
602311.5085 7708094.6298
602510.4308 7708115.4035
602709.3532 7708136.1771
602903.5182 7708174.0868
603084.6801 7708258.8336
603265.8420 7708343.5803
603437.9782 7708442.2552
603593.6373 7708567.3838
603764.8008 7708669.3835
603952.2277 7708736.5247
604149.0389 7708755.2525
604347.5942 7708731.2222
604546.1494 7708707.1919
604694.3586 7708763.3135
604758.9146 7708952.6127
604734.9835 7709102.7569
604551.4720 7709182.2880
604367.9605 7709261.8191
604181.4935 7709333.5875
603994.8191 7709404.7312
603811.8077 7709485.4064
603641.6462 7709587.2347
603494.7852 7709722.3197
603357.3070 7709867.5829
603219.8287 7710012.8460
603075.9413 7710151.4792
602926.1075 7710283.9612
602776.2738 7710416.4433
602638.1081 7710560.2183
602515.8092 7710718.3487
602397.3651 7710879.5059
602278.1484 7711040.0955
602158.9318 7711200.6852
602013.0314 7711333.0822
601874.3139 7711472.5991
601768.2819 7711641.8340
601670.1720 7711816.1214
601572.0621 7711990.4088
601482.4310 7712169.0168
601404.8537 7712353.2839
601331.9873 7712539.5417
601259.4528 7712725.9294
601186.9184 7712912.3172
601095.5028 7713089.2848
600990.2073 7713259.3275
600884.9119 7713429.3702
600757.7648 7713582.0957
600617.5636 7713724.7251
600482.1224 7713871.8257
600357.6444 7714028.1277
600245.6502 7714193.6934
600138.2198 7714362.3953
600030.7894 7714531.0973
599919.8690 7714697.4914
599806.6921 7714862.3933
599693.5153 7715027.2953
599555.8750 7715170.1256
599403.4453 7715299.6123
599251.0155 7715429.0990
599090.8035 7715548.4143
598925.9601 7715661.6765
598760.6227 7715774.2142
598594.9917 7715886.3213
598429.3607 7715998.4285
598251.7214 7716088.3576
598071.5706 7716174.9039
597901.5168 7716279.5711
597746.2777 7716405.0250
597607.6373 7716548.7339
597487.8661 7716708.4454
597463.2734 7716897.9894
597475.3395 7717097.6292
597487.4056 7717297.2691
597403.5207 7717470.3930
597290.6551 7717635.5081
597177.7896 7717800.6233
597059.6310 7717961.9547
596950.1396 7718129.1927
596853.4069 7718304.1422
596769.1700 7718485.4497
596692.7728 7718670.2643
596622.2103 7718857.3905
596551.8536 7719044.6102
596481.1956 7719231.7174
596410.5376 7719418.8245
596310.9744 7719591.5982
596204.8007 7719761.0939
596103.6247 7719933.5972
596016.9069 7720113.6832
596004.8527 7720310.6994
596104.2629 7720480.5586
596215.5280 7720646.7565
596326.7931 7720812.9544
596437.5515 7720979.4903
596560.2920 7721137.3941
596683.1866 7721295.1868
596784.0244 7721459.7239
596770.3907 7721659.2628
596756.7570 7721858.8017
596743.0578 7722058.3361
596729.1666 7722257.8572
596715.2754 7722457.3783
596667.1419 7722646.2983
596567.3478 7722819.6140
596491.7379 7723002.5063
596506.3150 7723191.4799
596639.7025 7723322.9831
596828.4780 7723387.2304
597024.8147 7723397.8101
597222.0818 7723365.8548
597398.3708 7723281.2381
597531.9342 7723135.9191
597614.1798 7722955.9470
597675.8181 7722765.6778
597737.4565 7722575.4086
597833.0679 7722402.1207
597948.2596 7722238.6199
598063.4513 7722075.1190
598193.3433 7721923.6805
598331.2071 7721778.7832
598469.0709 7721633.8860
598613.7722 7721495.9906
598745.6943 7721346.4853
598851.0054 7721177.1727
598942.2547 7720999.2392
599031.0988 7720820.0511
599119.9428 7720640.8630
599246.4982 7720488.8203
599388.2218 7720347.6959
599552.4286 7720235.9027
599725.5255 7720135.7073
599898.6224 7720035.5119
600094.0261 7720019.3212
600275.6304 7719943.4748
600437.8110 7719827.1794
600579.9756 7719686.9587
600691.7023 7719521.7840
600757.6760 7719333.9810
600815.8676 7719142.6296
600873.3692 7718951.0698
600930.7548 7718759.4751
600988.1403 7718567.8804
601170.5663 7718493.6172
601332.8024 7718377.1212
601424.7470 7718199.7181
601472.7343 7718005.5868
601475.9547 7717805.6086
601480.0609 7717605.6466
601484.1671 7717405.6847
601489.7964 7717205.9999
601556.4089 7717017.4146
601623.0214 7716828.8293
601690.0894 7716640.4207
601768.1125 7716456.2631
601846.1355 7716272.1054
601928.8032 7716091.7507
602093.9474 7715978.9277
602257.2555 7715863.7749
602400.5531 7715725.3382
602507.1143 7715556.1446
602602.9940 7715380.6284
602689.7524 7715201.0284
602734.0687 7715006.6401
602737.6062 7714806.6673
602741.1437 7714606.6944
602742.9153 7714406.7460
602730.4622 7714207.3058
602697.5064 7714010.0355
602664.5506 7713812.7652
602645.5220 7713615.9890
602692.3737 7713421.5499
602739.2254 7713227.1108
602803.7883 7713043.0203
602950.1761 7712906.7403
603096.5640 7712770.4603
603240.3225 7712631.5324
603377.6340 7712486.1116
603498.9168 7712329.8840
603568.7879 7712143.7255
603607.3611 7711947.4763
603645.9343 7711751.2271
603697.5225 7711559.0678
603778.1408 7711376.0314
603858.7591 7711192.9950
603958.7595 7711023.2504
604100.4604 7710882.1034
604242.1614 7710740.9564
604401.4683 7710631.7791
604596.5054 7710587.4826
604791.5425 7710543.1861
604832.4615 7710686.5200
604826.8956 7710886.4466
604821.3297 7711086.3733
604728.8812 7711260.3242
604623.7966 7711430.4973
604518.7119 7711600.6703
604403.2451 7711763.9118
604291.3741 7711929.6871
604205.6553 7712110.0746
604154.8806 7712303.1736
604107.9764 7712497.6001
604061.0722 7712692.0265
604019.5476 7712887.6634
603978.6548 7713083.4424
603937.7621 7713279.2215
603888.3103 7713472.9927
603841.6205 7713667.4663
603795.7360 7713862.1359
603809.6137 7714059.7894
604007.9103 7714051.0219
604192.1449 7713973.2266
604379.2243 7713902.4951
604566.3037 7713831.7635
604754.9524 7713767.9523
604954.0513 7713749.4302
605152.1081 7713722.2301
605351.7532 7713710.2513
605551.3983 7713698.2726
605726.9418 7713724.7468
605803.1864 7713909.6479
605879.4310 7714094.5490
605850.6191 7714267.3758
605734.4150 7714430.1587
605618.2109 7714592.9415
605451.7895 7714688.4518
605262.6846 7714753.5746
605075.2496 7714823.2817
604898.9956 7714916.4566
604739.7278 7715036.5925
604612.4423 7715188.9747
604523.6525 7715367.0330
604478.7547 7715560.6729
604466.9692 7715759.9295
604473.1083 7715959.7385
604470.7502 7716159.5510
604462.8024 7716359.3971
604454.8547 7716559.2433
604390.8864 7716745.4147
604305.8613 7716926.4461
604220.8362 7717107.4776
604051.1938 7717136.0537
603950.1596 7717010.2216
603801.2160 7716988.6596
603675.8197 7717138.4057
603576.5490 7717311.8804
603479.4234 7717486.7182
603418.7394 7717676.8087
603571.2514 7717614.1567
603764.7690 7717564.6722
603959.0796 7717517.2905
604034.5683 7717596.7402
603999.9450 7717793.7247
603971.6519 7717991.6523
603959.9147 7718191.0644
603955.9925 7718391.0300
603952.0704 7718590.9957
603912.6840 7718785.2215
603853.3304 7718976.2158
603802.7900 7719169.6081
603763.3731 7719365.6329
603728.1461 7719562.5095
603693.3355 7719759.4610
603669.3171 7719957.8519
603651.2891 7720157.0418
603633.2610 7720356.2318
603574.5217 7720545.0988
603495.4587 7720728.8124
603416.3957 7720912.5260
603319.4749 7721086.9152
603213.9119 7721256.7919
603125.4950 7721435.6857
603040.9618 7721616.9169
602954.3509 7721797.1950
602867.7400 7721977.4731
602760.5474 7722145.5786
602644.2869 7722308.3212
602532.9490 7722474.4233
602425.1733 7722642.9013
602318.0102 7722811.7732
602217.1549 7722984.4178
602138.5160 7723167.7659
602154.8242 7723358.8528
602306.9050 7723304.2447
602456.7791 7723172.7348
602603.2900 7723036.5880
602749.9485 7722900.5993
602896.6070 7722764.6106
603087.3236 7722721.3375
603285.3835 7722693.5175
603482.6415 7722660.5258
603679.8273 7722627.0683
603875.8519 7722599.7291
604047.0702 7722703.1021
604218.2884 7722806.4750
604380.5725 7722917.0104
604445.4097 7723106.1753
604542.8142 7723230.2558
604685.6737 7723099.8616
604791.6758 7722930.2586
604882.0089 7722752.7683
604961.8309 7722569.5474
605049.0409 7722389.5583
605136.2509 7722209.5693
605257.0754 7722054.6685
605404.8172 7721919.8575
605509.7813 7721755.9838
605542.4239 7721561.3324
605548.7514 7721361.4284
605555.0790 7721161.5244
605607.4956 7720972.3826
605690.3534 7720790.3490
605773.2113 7720608.3154
605887.3262 7720446.3829
606018.5811 7720295.4730
606109.7470 7720120.7876
606176.1301 7719932.1357
606240.9625 7719742.9311
606305.7949 7719553.7264
606376.3749 7719366.6381
606449.7223 7719180.5687
606523.0697 7718994.4993
606683.5598 7718913.2717
606865.7976 7718834.9988
607010.9515 7718700.8736
607128.1515 7718539.2939
607218.7600 7718361.5348
607294.5565 7718176.5144
607364.3570 7717989.0974
607403.8335 7717793.8012
607441.5804 7717597.4472
607481.9822 7717401.5663
607522.3839 7717205.6853
607686.5857 7717139.3343
607883.8781 7717107.3288
608042.7969 7716985.9141
608182.6511 7716843.0410
608289.7495 7716674.1290
608400.3889 7716507.5140
608511.0283 7716340.8990
608624.5980 7716226.8148
608753.0817 7716380.0909
608881.5654 7716533.3671
608909.6343 7716719.7890
608897.6454 7716919.4334
608885.6564 7717119.0779
608886.2191 7717318.9573
608887.2794 7717518.9528
608887.6681 7717718.9566
608886.9822 7717918.9441
608880.5689 7718118.8454
608874.1556 7718318.7467
608859.2192 7718517.7038
608821.7243 7718714.1619
608816.9891 7718907.6662
608910.1465 7719081.5463
609041.1654 7719232.6611
609172.1844 7719383.7759
609262.5722 7719556.6392
609328.2419 7719745.1454
609404.8941 7719929.8778
609483.1776 7720113.9176
609562.8714 7720297.3585
609642.5651 7720480.7993
609705.1348 7720670.2753
609850.9845 7720771.4838
610049.5506 7720787.2042
610248.5655 7720784.9993
610421.9610 7720704.9517
610548.7260 7720550.7658
610662.4884 7720386.2673
610776.2509 7720221.7688
610918.0493 7720093.6548
611106.1126 7720025.5825
611294.1759 7719957.5101
611349.7794 7720044.1871
611311.5376 7720240.5011
611273.2958 7720436.8152
611188.6673 7720617.4559
611108.7256 7720800.7670
611058.7973 7720994.2354
611011.2908 7721188.5155
610944.6673 7721369.1580
610790.9520 7721489.5053
610879.7255 7721625.2833
611044.3493 7721738.8644
611223.0864 7721824.1147
611413.3178 7721885.8643
611603.6985 7721947.1576
611775.4403 7721861.7862
611940.5175 7721748.8857
612105.2345 7721635.4399
612232.8104 7721481.6334
612343.8726 7721315.3159
612454.7156 7721148.8362
612564.2888 7720981.7974
612612.2481 7720787.6285
612659.6124 7720593.3499
612683.1819 7720394.7694
612693.0299 7720195.0079
612702.8780 7719995.2464
612726.0537 7719801.8714
612875.5800 7719669.0425
613025.1064 7719536.2136
613181.9026 7719412.4094
613343.5232 7719294.5941
613434.4801 7719129.5727
613508.1091 7718944.8261
613596.6230 7718765.4747
613690.3183 7718589.2829
613799.0089 7718423.0879
613861.3698 7718233.1571
613907.4231 7718038.7093
613924.1481 7717840.9930
613877.5986 7717648.0101
613788.5145 7717468.9412
613699.4304 7717289.8723
613627.7289 7717105.2334
613596.1477 7716907.7384
613564.5665 7716710.2434
613571.1083 7716517.6747
613651.8544 7716334.6946
613732.6005 7716151.7145
613795.9211 7715962.6424
613846.3695 7715769.1056
613896.6128 7715575.5152
613933.9802 7715379.2439
613957.3288 7715180.6811
613953.2317 7714981.3810
613886.5022 7714796.3764
613773.9254 7714631.9750
613651.9166 7714473.4964
613530.0381 7714314.9175
613408.1595 7714156.3386
613431.8053 7713980.8972
613514.1908 7713798.6494
613559.8210 7713619.0377
613450.9206 7713451.3134
613326.6822 7713297.1052
613162.2411 7713183.2597
612997.8001 7713069.4143
612830.8462 7712959.6998
612651.3861 7712872.4956
612463.1614 7712805.6082
612282.1441 7712720.5528
612101.1269 7712635.4975
611941.2300 7712524.7294
611822.6320 7712363.6823
611704.0339 7712202.6353
611602.7484 7712032.2080
611532.6047 7711844.9074
611462.4610 7711657.6068
611404.0635 7711467.0010
611368.6855 7711270.1773
611337.4551 7711072.6265
611306.2247 7710875.0757
611321.4190 7710680.7665
611379.8000 7710489.4727
611438.1811 7710298.1790
611513.4730 7710113.7054
611603.9100 7709935.3161
611680.3694 7709751.0485
611732.3323 7709558.2758
611762.2443 7709360.8141
611739.2858 7709166.0456
611660.0552 7708983.5285
611544.9272 7708821.2953
611432.2229 7708657.1901
611333.5008 7708483.2487
611234.7787 7708309.3074
611201.6115 7708116.0307
611030.1315 7708111.4231
610849.9570 7708198.2120
610654.2868 7708239.6222
610458.6165 7708281.0324
610285.9151 7708195.4577
610147.2592 7708151.9474
610232.5833 7707971.0567
610317.9075 7707790.1660
610413.1087 7707707.7683
610558.9720 7707748.3193
610731.4664 7707647.2590
610901.3067 7707541.6374
611055.7265 7707415.9825
611201.2904 7707278.8228
611333.9819 7707129.7220
611489.3314 7707007.5940
611658.8803 7706901.5053
611826.7044 7706850.4649
611998.2486 7706943.6405
612192.6955 7706983.5188
612379.1038 7707056.0005
612561.4911 7707136.5091
612715.8289 7707262.0538
612859.8018 7707400.8827
612987.4144 7707548.5702
613022.6923 7707745.3723
613046.8751 7707943.9091
613071.0578 7708142.4458
613111.8749 7708336.7649
613185.2101 7708522.8391
613258.5453 7708708.9133
613294.3560 7708899.2929
613265.0715 7709097.1415
613235.7869 7709294.9901
613187.2675 7709487.4674
613118.0344 7709674.8024
613063.0705 7709867.0896
613011.0396 7710060.2073
612959.0088 7710253.3250
612903.8486 7710445.5322
612858.6949 7710639.5592
612856.4247 7710837.8320
612940.6733 7711006.2422
613085.3474 7711144.2454
613226.2506 7711286.1887
613367.1539 7711428.1320
613449.5921 7711602.3271
613494.5031 7711797.2236
613539.4141 7711992.1201
613516.4192 7712185.2158
613557.7670 7712370.0360
613687.3923 7712519.2134
613830.7871 7712658.6393
614017.5895 7712723.4647
614209.6606 7712779.2350
614392.7390 7712845.0878
614470.0201 7713029.5580
614547.3013 7713214.0283
614619.6000 7713399.9831
614658.1251 7713596.1462
614712.5524 7713788.6023
614766.9797 7713981.0583
614820.3497 7714173.7891
614866.5119 7714368.3930
614912.6740 7714562.9970
614973.6522 7714749.8994
615119.3578 7714863.2802
615314.1221 7714862.8040
615503.0181 7714928.5304
615524.4664 7715103.6793
615650.7305 7715233.1753
615831.3537 7715147.2864
616011.9769 7715061.3974
616195.7832 7714984.9278
616389.2186 7714936.2849
616562.4680 7714843.6619
616696.5229 7714695.2337
616830.5779 7714546.8055
616981.1764 7714423.7953
617171.1698 7714361.3121
617347.3980 7714274.6648
617490.5061 7714135.6164
617621.1070 7713984.1401
617751.7078 7713832.6639
617885.5980 7713684.1651
618023.3616 7713539.1725
618161.1252 7713394.1800
618299.3553 7713249.6334
618426.4554 7713095.7925
618544.4082 7712934.2723
618662.3611 7712772.7521
618807.0796 7712637.9067
618968.1976 7712519.4052
619129.3157 7712400.9036
619308.8277 7712317.3077
619494.3077 7712242.7726
619667.7625 7712144.4329
619817.8904 7712013.8598
619848.1572 7711833.9518
619768.7886 7711653.6063
619668.5442 7711480.5416
619567.7147 7711307.8134
619466.8851 7711135.0851
619357.2479 7710967.9197
619242.5521 7710804.0772
619123.5222 7710643.3705
618998.2850 7710487.4741
618863.3428 7710339.9839
618721.8440 7710198.6689
618536.8881 7710175.8913
618337.6124 7710192.9449
618138.3366 7710209.9986
617981.0544 7710105.3888
617834.7253 7709969.0457
617733.3721 7709829.3298
617857.7303 7709672.6879
617961.7548 7709505.4672
618018.6462 7709313.7252
618075.5376 7709121.9831
618113.0731 7708927.4622
618039.4963 7708781.9540
617881.2461 7708840.6534
617749.3646 7708991.0160
617617.4832 7709141.3787
617608.5568 7709024.6701
617637.0398 7708826.7045
617663.7671 7708628.5528
617673.7106 7708429.0507
617656.2739 7708229.8081
617638.8373 7708030.5655
617617.1102 7707832.0740
617562.7164 7707639.7940
617487.7015 7707454.3906
617412.6865 7707268.9872
617340.4362 7707082.6302
617285.1813 7706890.4101
617229.9264 7706698.1901
617150.3273 7706525.0876
616974.0888 7706431.1457
616789.1831 7706354.9123
616604.2774 7706278.6790
616440.6121 7706178.2007
616340.7197 7706004.9288
616240.8273 7705831.6569
616190.9488 7705645.2769
616193.0127 7705445.2835
616173.4405 7705247.1733
616116.6480 7705056.2530
616044.9267 7704869.5508
615955.5576 7704691.3729
615853.9009 7704519.1302
615763.8449 7704340.8643
615681.4502 7704158.6206
615599.0555 7703976.3770
615665.8479 7703803.4431
615770.2605 7703632.8570
615874.6732 7703462.2708
615991.1342 7703299.8247
616104.7643 7703135.2690
616217.0734 7702969.7749
616329.3826 7702804.2807
616479.8851 7702674.0792
616636.0113 7702549.0741
616798.4028 7702438.8743
616996.8578 7702414.0341
617195.4512 7702390.3214
617394.0446 7702366.6086
617569.8854 7702377.3400
617626.0061 7702569.3090
617666.4928 7702758.8862
617558.7474 7702927.0207
617486.5458 7703112.6860
617466.5758 7703311.6907
617446.6058 7703510.6953
617431.4297 7703709.9796
617442.6012 7703908.3728
617489.0609 7704102.9060
617535.5206 7704297.4391
617588.4260 7704490.0717
617657.5413 7704677.7124
617731.9466 7704863.3612
617806.3518 7705049.0101
617849.4668 7705241.2228
617880.4324 7705437.0500
617938.9889 7705628.2901
617997.5454 7705819.5302
618057.9440 7706010.1861
618127.8287 7706197.4029
618205.6127 7706381.6617
618284.9534 7706565.2473
618411.9132 7706706.1062
618586.7659 7706803.2050
618761.6187 7706900.3038
618946.0839 7706974.6555
619136.4678 7706961.0335
619301.0245 7706854.7170
619362.3468 7706680.5394
619416.7489 7706492.3568
619502.3544 7706311.5991
619664.9129 7706251.1898
619864.9083 7706249.3290
620060.6667 7706214.3927
620215.2532 7706092.4725
620329.5904 7705929.4040
620426.2074 7705754.3693
620520.9590 7705578.2336
620615.7106 7705402.0979
620691.2925 7705217.0151
620742.3429 7705023.7316
620688.3993 7704832.8770
620628.0262 7704642.2026
620567.6531 7704451.5282
620514.3680 7704258.7553
620435.2946 7704075.0806
620355.7862 7703891.5594
620276.7707 7703707.8945
620245.2761 7703510.3857
620213.7814 7703312.8768
620181.9785 7703115.4233
620138.4740 7702921.6076
619998.2587 7702779.0612
619846.3047 7702649.1104
619707.6865 7702504.9347
619569.0683 7702360.7589
619592.8990 7702248.7238
619757.8209 7702140.1158
619916.5597 7702019.4509
620084.1972 7701910.3670
620258.1298 7701812.7908
620348.7795 7701669.5394
620272.5217 7701497.9906
620144.2872 7701344.5058
620016.0528 7701191.0210
620173.8054 7701071.9184
620292.6286 7700921.9394
620281.2122 7700732.4176
620179.2300 7700564.3210
620065.2336 7700400.4465
619958.4892 7700231.3096
619922.4534 7700066.6989
620049.8918 7699912.5525
620175.2975 7699756.7964
620240.4464 7699587.4054
620182.7527 7699395.9032
620125.0591 7699204.4010
620099.8995 7699010.9004
620133.7218 7698813.7769
620167.5441 7698616.6533
620230.6191 7698429.3495
620318.0555 7698249.5398
620401.0387 7698067.5633
620488.3409 7697899.3072
620660.5997 7698000.9367
620832.8585 7698102.5662
621009.1210 7698196.6722
621192.9284 7698187.3513
621362.9647 7698084.9797
621508.7298 7697949.1275
621584.7706 7697771.3146
621539.9767 7697585.4488
621425.2318 7697423.2225
621322.2427 7697252.6830
621228.3292 7697076.0990
621147.5493 7696900.1658
621228.3612 7696730.0467
621133.9302 7696566.5684
620947.9894 7696509.9593
620749.7061 7696536.1392
620551.4228 7696562.3190
620352.5211 7696575.0916
620152.7307 7696575.0196
619953.0274 7696585.9849
619753.3241 7696596.9503
619581.6638 7696537.6626
619444.4052 7696392.1919
619307.1466 7696246.7212
619156.1681 7696116.7312
618971.5201 7696062.7525
618771.6732 7696059.1608
618571.6753 7696060.7345
618379.2930 7696015.5187
618190.1175 7695950.6015
618000.9419 7695885.6842
617848.9309 7695758.2140
617678.7687 7695653.9648
617505.8439 7695553.4727
617332.9190 7695452.9806
617223.2672 7695605.8564
617114.6742 7695738.9813
616979.5752 7695591.6873
616830.0783 7695458.8252
616680.5814 7695325.9631
616537.3793 7695187.9060
616428.5739 7695021.5089
616269.4693 7694916.5589
616070.4885 7694936.7656
615871.5078 7694956.9724
615679.8274 7694945.5885
615509.8878 7694840.1268
615339.9482 7694734.6651
615278.7528 7694552.3025
615230.0514 7694358.3339
615180.3900 7694164.5934
615130.7285 7693970.8528
615078.9730 7693777.6630
614996.0286 7693596.0995
614903.3395 7693418.8839
614809.9006 7693242.0483
614730.3910 7693062.9375
614779.0395 7692871.6948
614884.6247 7692701.8319
614990.3150 7692532.0602
615127.7400 7692399.4846
615040.1337 7692239.3557
614846.5186 7692283.9019
614667.4239 7692372.9342
614488.3293 7692461.9666
614304.5444 7692538.1030
614110.0986 7692584.9268
613915.6528 7692631.7506
613756.7520 7692529.4758
613605.2669 7692398.9405
613460.8064 7692260.6190
613431.4401 7692113.7113
613553.7776 7691955.4862
613676.1151 7691797.2611
613862.9263 7691743.0021
613931.2589 7691568.7681
613984.8211 7691376.0696
614038.3832 7691183.3710
614120.1685 7691001.6765
614265.2371 7690869.8668
614416.4245 7690908.9504
614594.8719 7690899.9816
614785.3526 7690839.0002
614878.5793 7690669.7088
614959.6392 7690486.8675
615040.6992 7690304.0262
615102.1384 7690113.7993
615139.3437 7689917.4062
615193.3554 7689724.9185
615249.0255 7689532.8183
615275.4386 7689341.2803
615210.6974 7689152.0717
615134.5105 7688967.5244
615024.0463 7688804.5334
614853.9281 7688721.2096
614654.1241 7688730.1537
614526.3177 7688619.3788
614440.5525 7688438.6968
614354.7874 7688258.0148
614296.9994 7688067.3089
614248.5066 7687873.2725
614253.8010 7687675.7133
614276.5702 7687477.0094
614329.6463 7687334.1693
614508.6338 7687423.4169
614687.6212 7687512.6646
614836.0681 7687636.0058
614973.8622 7687772.1970
615156.6683 7687851.0195
615351.3729 7687876.1697
615549.0868 7687848.1314
615745.0234 7687808.0003
615940.9600 7687767.8692
616114.1417 7687676.3943
616250.6655 7687532.5172
616293.4904 7687344.5024
616305.8642 7687144.8814
616348.8587 7686963.5776
616341.8505 7686774.5828
616315.2970 7686576.3492
616269.3724 7686381.7874
616221.5391 7686187.5875
616194.9569 7686007.3991
616392.2945 7685974.8484
616589.6320 7685942.2978
616787.5494 7685914.3700
616978.1015 7685870.6796
617108.4792 7685735.2994
617154.3222 7685541.2039
617170.7442 7685342.3397
617140.8797 7685148.1713
617064.3624 7684963.3829
616987.8452 7684778.5945
616942.5016 7684587.2398
616924.1041 7684388.7210
616858.9107 7684202.9011
616731.5701 7684053.4030
616572.1770 7683932.5912
616412.7839 7683811.7794
616268.7397 7683674.9880
616141.6109 7683520.5863
616014.4820 7683366.1845
615867.3557 7683233.9241
615682.3916 7683180.3487
615482.4513 7683178.1399
615282.4553 7683179.9410
615082.4593 7683181.7421
614883.4625 7683167.1673
614685.0930 7683141.6536
614486.6723 7683116.5366
614288.2516 7683091.4197
614097.5635 7683036.2251
613903.3286 7682997.8439
613753.2894 7683095.2407
613680.3599 7683279.7600
613616.9318 7683469.4401
613551.3686 7683583.8259
613477.2933 7683398.0452
613403.2180 7683212.2644
613355.7749 7683019.6607
613331.3976 7682821.1477
613182.6021 7682710.5445
613003.6323 7682621.2614
612824.6625 7682531.9783
612695.4580 7682382.2720
612813.6390 7682380.6934
613010.3478 7682416.1294
613174.7416 7682325.1652
613308.6467 7682177.4303
613436.7060 7682023.7995
613564.7654 7681870.1686
613728.9628 7681758.6536
613874.2500 7681622.3795
614014.7904 7681480.0768
614155.3309 7681337.7742
614336.1837 7681258.0920
614523.9024 7681189.0751
614712.0050 7681123.3374
614910.6709 7681146.3158
615110.0092 7681162.6214
615309.3476 7681178.9269
615508.8491 7681192.6831
615663.6118 7681120.8234
615694.2797 7680931.5212
615679.1352 7680732.0913
615663.9908 7680532.6614
615695.3758 7680338.9104
615758.0426 7680148.9775
615820.7095 7679959.0446
615978.6030 7679837.5236
616135.0155 7679714.4476
616220.4894 7679535.6413
616223.9635 7679335.6673
616227.4376 7679135.6934
616256.9722 7678979.1077
616435.1395 7679069.9813
616613.3069 7679160.8550
616804.5611 7679209.6410
616974.2110 7679112.1441
617129.6541 7679049.2763
617234.9908 7679218.7669
617374.5759 7679357.0259
617560.5840 7679430.5285
617749.0588 7679494.9397
617947.1849 7679516.6828
618139.8975 7679485.2578
618308.1328 7679377.0982
618476.3682 7679268.9386
618658.0823 7679203.8849
618857.9657 7679196.9385
619028.5483 7679126.6800
619137.4008 7678962.1718
619192.2208 7678771.7220
619126.4508 7678600.9811
618996.0069 7678449.3696
618865.5447 7678297.7747
618728.0596 7678152.5180
618589.9097 7678007.8935
618451.5365 7677863.5010
618301.4996 7677731.2605
618145.6601 7677605.8983
617989.8206 7677480.5360
617834.1616 7677354.9559
617682.0726 7677225.0691
617529.9836 7677095.1823
617376.6710 7676967.0491
617201.5748 7676870.5790
617016.6545 7676794.3809
616831.7175 7676718.2238
616646.5513 7676642.6253
616461.3851 7676567.0269
616275.5550 7676493.4691
616083.8982 7676460.1950
615952.0222 7676594.7158
615909.4540 7676790.1374
615837.8684 7676645.2689
615725.7187 7676480.3085
615567.2957 7676359.2558
615405.8596 7676241.1879
615244.4235 7676123.1200
615063.3066 7676038.5759
614881.5307 7675955.1542
614699.7547 7675871.7326
614532.3374 7675762.3970
614365.2274 7675652.5065
614181.5528 7675573.3648
613997.8531 7675494.2693
613817.1101 7675410.4535
613664.3212 7675281.6082
613497.0417 7675171.9960
613326.3171 7675067.8099
613155.5924 7674963.6238
612984.3004 7674860.4314
612806.9647 7674768.1338
612620.7980 7674696.1994
612423.7631 7674661.8991
612226.0172 7674631.9291
612028.0367 7674607.0124
611833.2395 7674634.3055
611660.8907 7674735.6940
611484.1689 7674829.3479
611307.4471 7674923.0019
611125.7613 7674997.9501
610925.8562 7675004.2438
610725.9511 7675010.5375
610526.1539 7675018.8298
610327.2818 7675038.4379
610131.4800 7675078.1212
609940.5782 7675137.5355
609753.1390 7675207.2790
609567.0143 7675280.4860
609380.8897 7675353.6930
609191.6452 7675414.4209
608992.9674 7675437.4155
608795.9652 7675468.6796
608604.0080 7675524.8409
608412.0508 7675581.0022
608220.2639 7675605.6391
608028.9243 7675547.4083
607837.5847 7675489.1776
607668.8857 7675397.1463
607538.2845 7675245.8379
607396.0336 7675105.4961
607246.0694 7674973.1617
607093.9087 7674843.4365
606932.1760 7674726.5254
606755.7076 7674633.4183
606573.1940 7674551.8737
606394.1235 7674462.7927
606215.0530 7674373.7118
606054.5360 7674260.4577
605922.1811 7674110.5117
605789.8262 7673960.5656
605651.0852 7673816.9145
605497.5442 7673689.1757
605331.9244 7673577.4108
605156.1138 7673482.6844
604973.3327 7673401.5321
604789.2809 7673323.2596
604605.2291 7673244.9871
604423.8337 7673161.0647
604244.0848 7673073.5406
604056.5231 7673006.4839
603860.7606 7672992.9988
603684.8136 7673070.2794
603609.7550 7673235.9826
603611.1242 7673435.9820
603612.4934 7673635.9814
603617.0403 7673835.9211
603623.1899 7674035.8307
603629.3395 7674235.7402
603497.5425 7674349.7388
603315.4164 7674432.3932
603142.6274 7674491.2340
603056.7886 7674313.7084
602887.5281 7674231.5502
602699.0558 7674298.4817
602510.5834 7674365.4132
602327.6389 7674388.9845
602161.9875 7674276.9074
601987.1123 7674183.6282
601793.6109 7674137.5360
601594.6791 7674116.8533
601395.4863 7674110.1386
601195.9208 7674123.3766
600996.7169 7674140.6443
600797.9841 7674163.1587
600599.2512 7674185.6731
600428.9880 7674118.7975
600279.8795 7673985.4998
600149.6188 7673835.2856
600033.1544 7673672.6888
599890.8235 7673535.5256
599730.2163 7673416.3325
599564.6747 7673304.2488
599396.8374 7673195.4725
599230.5120 7673085.1428
599115.6731 7672921.8947
598948.3755 7672813.0146
598754.7250 7672771.4919
598585.2927 7672877.0242
598467.4201 7673029.7238
598482.9176 7673219.2648
598542.1888 7673410.2846
598602.4514 7673600.9929
598663.1138 7673791.5754
598732.8191 7673978.9547
598832.2352 7674151.6718
598966.4491 7674298.7228
599122.2752 7674423.5941
599282.1846 7674543.7215
599442.0941 7674663.8490
599608.0047 7674775.3996
599800.3649 7674786.5637
599859.7203 7674619.7498
599890.3821 7674422.1100
599937.6116 7674249.6249
600131.2969 7674299.5014
600324.9821 7674349.3779
600364.9535 7674513.0436
600356.1013 7674712.8517
600347.2492 7674912.6598
600257.0771 7675086.2579
600202.5849 7675276.4973
600255.1059 7675465.9759
600321.8362 7675654.5196
600363.1326 7675838.8076
600262.1694 7676005.6616
600225.8905 7676194.6490
600033.5138 7676139.9418
599841.1372 7676085.2346
599647.4957 7676036.7210
599448.8553 7676013.7905
599249.3998 7675998.9864
599050.2439 7675993.9728
598874.2039 7676057.0594
598793.3204 7676231.9318
598821.3304 7676424.8783
598924.2163 7676595.1930
599057.5177 7676743.8105
599204.5719 7676879.3465
599355.0964 7677011.0259
599507.6142 7677140.4089
599660.1321 7677269.7918
599816.9308 7677393.5522
599987.5366 7677496.8472
600168.5784 7677581.8502
600349.6202 7677666.8533
600492.6246 7677792.1038
600561.9016 7677977.3922
600601.3438 7678173.4686
600606.6101 7678358.7145
600472.3016 7678504.4421
600380.7378 7678682.2558
600289.1740 7678860.0695
600151.2832 7678962.6898
599951.2873 7678964.5070
599751.2915 7678966.3242
599551.9269 7678954.8132
599356.0456 7678975.6523
599162.3278 7679025.4018
598968.6507 7679075.3097
598797.0122 7679170.0625
598766.2757 7679355.8541
598746.3807 7679510.2013
598607.9544 7679365.9242
598459.9395 7679231.4471
598303.7142 7679107.3740
598127.2409 7679013.2525
597950.7677 7678919.1311
597781.8684 7678815.6011
597652.2307 7678663.2998
597522.5929 7678510.9985
597397.1715 7678355.3090
597282.6924 7678191.5044
597175.0286 7678022.9512
597067.3648 7677854.3981
596970.7352 7677679.5371
596880.1145 7677501.2409
596789.4937 7677322.9447
596771.1985 7677126.5518
596767.1745 7676926.5882
596763.1505 7676726.6246
596773.4257 7676526.9467
596680.0264 7676353.7554
596545.6508 7676205.8721
596405.7678 7676062.9287
596262.4186 7675923.4600
596114.9341 7675788.3743
595967.2352 7675653.5163
595845.6702 7675494.9030
595725.4759 7675335.0438
595621.2588 7675174.6804
595731.1354 7675007.5613
595798.4782 7674843.2320
595662.9516 7674696.6574
595525.8575 7674554.7542
595435.6197 7674376.2639
595388.3164 7674200.1259
595457.0396 7674026.9875
595377.1672 7673847.0751
595249.0918 7673693.4576
595121.0164 7673539.8401
595021.8287 7673369.6700
594937.2559 7673189.4646
594817.2185 7673031.0906
594679.0303 7672886.5046
594541.4071 7672741.3788
594403.7838 7672596.2530
594282.3093 7672438.5242
594174.9668 7672269.7663
594058.3878 7672107.5978
593932.4977 7671952.1916
593794.6484 7671807.9546
593624.0256 7671712.7556
593428.4409 7671689.8813
593228.6202 7671698.4438
593028.7360 7671699.3754
592828.8006 7671694.1340
592628.8652 7671688.8926
592467.0996 7671594.5918
592325.4217 7671453.4216
592183.7439 7671312.2514
592239.5133 7671148.5914
592345.8146 7670979.1756
592452.0490 7670809.7191
592552.5556 7670637.1483
592572.8001 7670439.0736
592490.5224 7670256.7773
592405.3093 7670076.1315
592274.1542 7669925.2226
592124.9648 7669792.0153
591975.7755 7669658.8079
591826.5272 7669525.6674
591676.0381 7669393.9302
591525.5490 7669262.1930
591374.1862 7669131.6206
591205.6021 7669024.0052
591037.0181 7668916.3899
590868.8610 7668808.1282
590703.7243 7668695.2942
590538.5876 7668582.4602
590421.0846 7668440.3455
590394.9705 7668242.0535
590365.6189 7668044.2650
590299.0166 7667861.2375
590178.8486 7667701.3786
590061.0815 7667539.7229
589943.3144 7667378.0673
589839.7116 7667207.9174
589752.5757 7667027.8924
589655.4294 7666853.5036
589532.9891 7666696.4432
589390.0253 7666556.7909
589241.3541 7666423.0055
589092.6829 7666289.2201
588946.6793 7666152.5865
588793.4117 7666025.0712
588624.3080 7665918.8075
588449.5106 7665821.6093
588274.7131 7665724.4111
588091.9341 7665645.7215
587899.9892 7665589.6944
587706.0580 7665540.8785
587510.7546 7665497.8695
587314.3642 7665460.1015
587123.8879 7665403.1297
586939.3967 7665325.8984
586754.9056 7665248.6672
586846.2594 7665144.2136
587012.0026 7665032.2745
587176.0862 7664917.9145
587340.1698 7664803.5545
587511.9939 7664702.4747
587670.9292 7664584.8414
587797.1674 7664430.7426
587763.8841 7664245.6947
587673.9445 7664067.3863
587580.2053 7663890.7097
587486.4662 7663714.0331
587463.8257 7663517.2529
587373.6045 7663340.7939
587218.5431 7663214.4705
587063.4817 7663088.1470
586914.1361 7662957.3939
586830.5011 7662775.7161
586746.8662 7662594.0382
586667.3417 7662411.0030
586626.3419 7662215.2464
586585.3421 7662019.4897
586551.2991 7661823.2680
586565.8786 7661623.7960
586580.4581 7661424.3240
586619.3668 7661237.8981
586777.4500 7661115.3772
586935.5331 7660992.8564
587087.0214 7660862.8779
587220.1874 7660714.2176
587340.9918 7660554.8189
587461.7961 7660395.4202
587483.6360 7660441.4510
587440.6541 7660636.7529
587399.3638 7660832.4484
587375.8364 7661030.8557
587376.3681 7661230.6176
587402.0140 7661428.7098
587481.3489 7661610.5131
587588.2698 7661779.3090
587724.4007 7661924.9323
587903.4713 7662007.4243
588071.3790 7661926.4537
588219.9749 7661792.9174
588375.6118 7661692.8210
588480.7349 7661616.9498
588497.2513 7661417.6288
588543.2688 7661224.7597
588611.4639 7661036.7409
588679.6589 7660848.7220
588771.3682 7660671.2570
588808.4025 7660474.7115
588845.4369 7660278.1661
588884.9083 7660082.3212
588957.8931 7659896.1093
589025.7507 7659708.7583
589037.2114 7659509.1252
589034.9318 7659309.1387
589022.1627 7659110.3716
588956.9518 7658921.2971
588891.0707 7658732.4624
588806.3137 7658557.0256
588638.0573 7658449.0498
588462.9649 7658352.3840
588287.9675 7658299.9968
588113.2913 7658397.4130
587938.6152 7658494.8291
587767.6390 7658503.7592
587601.7049 7658392.1011
587435.7708 7658280.4431
587284.6007 7658149.9199
587094.5887 7658105.5122
586896.3861 7658078.7283
586707.9076 7658035.1772
586586.2280 7657876.4456
586457.9732 7657724.2390
586298.2462 7657604.0720
586130.0624 7657495.8323
585955.8297 7657418.5179
585758.6007 7657445.0027
585558.9494 7657433.1284
585359.2981 7657421.2541
585203.6931 7657314.7838
585023.5685 7657245.0176
584828.1768 7657202.3124
584632.9098 7657159.3575
584481.0676 7657029.3816
584289.3340 7656972.4636
584096.8401 7656918.1705
583904.3462 7656863.8774
583720.5337 7656790.9099
583554.9477 7656678.7364
583379.3880 7656589.4775
583182.6772 7656561.0116
582982.6799 7656562.6712
582782.6827 7656564.3309
582585.5568 7656541.7643
582389.3845 7656504.6234
582190.8426 7656504.0004
581995.0218 7656541.9324
581802.5972 7656596.4175
581641.9235 7656702.4988
581555.1948 7656876.8203
581502.6101 7657069.7879
581502.2810 7657265.6113
581533.5233 7657463.1602
581585.1566 7657655.7544
581648.0496 7657845.6125
581710.9426 7658035.4707
581809.1678 7658208.0866
581920.1296 7658374.4871
582031.0915 7658540.8876
582042.2929 7658731.7419
582020.8637 7658930.5947
581999.4345 7659129.4475
581893.9567 7659295.5774
581775.2861 7659456.5710
581652.7659 7659611.4202
581456.1309 7659647.9759
581259.4958 7659684.5316
581131.4014 7659774.9543
581169.9927 7659969.7313
581283.7910 7660124.5370
581454.0579 7660225.9526
581642.4693 7660291.3729
581835.0498 7660345.3581
582006.1210 7660287.7572
582164.8365 7660166.0566
582325.8095 7660097.6413
582493.1030 7660150.0384
582674.5825 7660091.9098
582874.2618 7660096.3979
583070.5739 7660134.6498
583266.8860 7660172.9017
583461.7859 7660215.6569
583644.7879 7660296.3532
583825.5292 7660380.9833
583987.3833 7660498.4776
584149.2373 7660615.9719
584229.9635 7660727.8087
584053.3683 7660821.7013
583889.2018 7660930.7447
583810.5851 7661101.5936
583818.8072 7661301.4286
583827.0292 7661501.2637
583728.6590 7661596.3508
583528.7109 7661591.6176
583328.9006 7661590.6090
583129.8481 7661610.0969
582930.7957 7661629.5848
582821.6325 7661519.0361
582769.5332 7661325.9368
582669.7182 7661157.0888
582531.8858 7661012.3011
582392.2510 7660869.1096
582252.3590 7660726.1813
582105.0634 7660591.1266
581932.5512 7660495.1898
581756.1782 7660568.0301
581658.0498 7660742.3071
581559.9214 7660916.5841
581424.7230 7661062.4113
581281.7585 7661202.2783
581298.7772 7661381.2785
581446.6024 7661504.5960
581609.1461 7661620.9945
581770.1345 7661739.6722
581907.1338 7661877.8322
582019.1648 7662032.6686
582206.4630 7662066.4689
582404.7563 7662040.3646
582592.4650 7662074.6169
582770.0432 7662166.6365
582947.6215 7662258.6562
583120.8324 7662358.6376
583293.8672 7662458.9403
583428.2340 7662595.8094
583534.8596 7662763.8638
583658.6626 7662920.9449
583782.4657 7663078.0259
583931.4461 7663207.5275
584118.0932 7663242.9814
584317.5816 7663228.6275
584516.6703 7663217.6655
584706.5735 7663280.0644
584889.3219 7663361.3337
585064.3147 7663447.1734
585048.6606 7663646.4259
585072.6508 7663841.4920
585223.7229 7663972.3877
585388.7523 7664085.3746
585555.5797 7664195.6934
585722.4072 7664306.0122
585877.8953 7664424.3771
585926.9321 7664618.2767
585981.2206 7664810.1391
586075.7636 7664986.3869
586170.3066 7665162.6346
586048.6480 7665208.7677
585848.6465 7665207.7522
585648.6449 7665206.7367
585453.7287 7665166.2201
585259.9914 7665116.5462
585066.2540 7665066.8723
584880.7618 7664993.0240
584697.0479 7664913.9616
584513.3340 7664834.8993
584331.8624 7664750.8550
584150.8590 7664665.7701
583969.8557 7664580.6852
583789.4523 7664494.3380
583606.1764 7664414.3332
583415.3638 7664355.1319
583220.5094 7664310.2913
583025.1336 7664267.5139
582829.7577 7664224.7364
582638.7876 7664165.7010
582447.4180 7664107.5888
582255.8674 7664050.0560
582064.3169 7663992.5231
581945.7536 7664134.7427
581872.7349 7664320.9413
581789.2232 7664269.0263
581700.1089 7664089.9725
581610.9945 7663910.9186
581471.6833 7663768.8027
581301.3099 7663664.8043
581120.4902 7663579.4862
580922.3560 7663560.0575
580750.7060 7663458.1439
580579.2746 7663355.1296
580411.8160 7663327.4737
580345.4998 7663483.3023
580389.3296 7663678.4448
580433.1594 7663873.5873
580344.1729 7664032.8081
580193.0905 7664157.5133
580007.1980 7664231.3077
579821.3054 7664305.1021
579626.6840 7664338.6627
579426.9238 7664348.5374
579227.1636 7664358.4121
579050.1591 7664274.3208
578877.0489 7664174.1484
578694.1603 7664093.5318
578503.0569 7664034.8306
578311.3812 7663977.7162
578132.6456 7663903.9386
578029.8494 7663732.3735
577927.0532 7663560.8084
577823.9887 7663389.4052
577728.8180 7663214.2567
577658.4302 7663027.0477
577584.8372 7662841.3459
577475.7991 7662676.0770
577319.5093 7662551.2766
577163.2195 7662426.4762
577001.1909 7662311.6391
576814.8009 7662239.1104
576626.0615 7662174.0520
576428.8309 7662184.4145
576230.7546 7662212.1166
576097.3301 7662105.8546
575995.7783 7661933.5501
575838.9255 7661819.1934
575662.0645 7661725.8026
575476.0617 7661653.6014
575280.0933 7661617.6886
575081.7487 7661591.9772
574883.4041 7661566.2658
574683.8069 7661558.9036
574484.1894 7661569.3442
574284.6935 7661583.5943
574085.1977 7661597.8444
573903.2288 7661526.7572
573713.0649 7661466.5890
573520.5330 7661412.4305
573328.0012 7661358.2719
573129.2564 7661340.9027
572929.2948 7661340.4913
572729.2933 7661341.5213
572529.2918 7661342.5513
572329.4319 7661349.8879
572130.5439 7661370.7543
571931.7116 7661392.3737
571732.8794 7661413.9930
571535.6421 7661447.1112