495076.7877 7647265.2585
495175.7817 7647278.4593
495274.7756 7647291.6600
495373.7696 7647304.8608
495472.0302 7647320.8312
495565.0264 7647357.0401
495661.5032 7647377.5571
495754.5947 7647348.1565
495814.8535 7647268.7966
495860.3299 7647179.9082
495911.0734 7647093.8898
495961.8170 7647007.8715
496016.7491 7646924.8108
496080.8341 7646848.2133
496144.9191 7646771.6157
496212.9650 7646698.9659
496289.1915 7646634.4410
496365.0893 7646569.5288
496439.6596 7646503.1583
496506.8220 7646429.7655
496560.8239 7646345.9618
496607.5153 7646257.6783
496654.2067 7646169.3947
496704.2245 7646083.1360
496761.1993 7646001.1120
496818.1741 7645919.0880
496887.9700 7645853.0963
496980.5136 7645815.5495
497073.0571 7645778.0027
497168.2317 7645758.0985
497267.7036 7645767.0094
497367.1755 7645775.9203
497463.1286 7645798.0761
497553.9071 7645839.7095
497648.6017 7645864.2268
497748.4523 7645866.2092
497848.3029 7645868.1916
497928.4115 7645908.4325
497987.8844 7645988.6636
498047.3573 7646068.8947
498108.6312 7646147.7326
498171.8747 7646225.0246
498235.4198 7646302.0706
498298.9648 7646379.1167
498354.6266 7646461.7509
498420.7071 7646535.4403
498509.9029 7646574.3007
498606.8449 7646565.2767
498682.8608 7646505.8172
498738.3965 7646423.2889
498792.0269 7646339.0523
498846.3468 7646255.2465
498911.4031 7646187.9425
499003.7009 7646159.3227
499059.6379 7646081.2992
499076.6590 7645983.1701
499068.6039 7645885.6189
499034.3163 7645791.8189
499000.0288 7645698.0189
499065.0076 7645638.7328
499110.3342 7645552.8815
499113.7142 7645454.2376
499110.4533 7645354.4206
499107.1923 7645254.6036
499119.8021 7645155.7346
499134.9225 7645057.0157
499150.0430 7644958.2967
499213.9628 7644884.3952
499284.8330 7644814.0284
499364.7363 7644755.9469
499440.1213 7644692.6627
499507.1604 7644618.6368
499574.1995 7644544.6110
499632.7083 7644463.8598
499689.0462 7644381.3970
499728.0083 7644289.9415
499712.5934 7644193.3425
499688.2364 7644096.4886
499663.7596 7643999.6643
499677.8999 7643906.1581
499668.4108 7643811.5466
499640.3985 7643715.6853
499725.9905 7643696.5118
499750.1752 7643600.5718
499758.2457 7643501.0282
499766.3162 7643401.4846
499805.1162 7643378.5764
499889.2106 7643428.9508
499983.2870 7643462.4724
500072.8615 7643453.0699
500117.1334 7643371.5527
500119.4333 7643272.7484
500095.7632 7643176.3747
500063.2979 7643081.9318
500030.3184 7642987.6640
499997.3389 7642893.3962
499973.7016 7642796.5883
499954.4086 7642698.5993
499935.1156 7642600.6103
499959.5284 7642506.4630
499982.7450 7642409.5782
500002.4985 7642311.6810
500022.2520 7642213.7838
500068.5015 7642125.5142
500052.4143 7642027.2089
500011.0055 7641936.3278
499969.5968 7641845.4466
499927.1013 7641755.1848
499870.0218 7641673.2336
499812.9424 7641591.2824
499758.0089 7641508.1121
499716.0891 7641417.4896
499669.5094 7641329.1472
499622.9296 7641240.8047
499573.9173 7641154.0981
499509.0853 7641078.1540
499441.0066 7641005.0831
499369.7989 7640936.1614
499280.8266 7640890.7962
499191.8543 7640845.4311
499105.0714 7640796.5348
499024.8766 7640737.0129
498944.6817 7640677.4911
498857.5692 7640629.2823
498761.4903 7640604.1290
498673.1035 7640640.6890
498587.0918 7640691.4438
498496.7834 7640658.5930
498406.0218 7640616.9229
498315.2602 7640575.2529
498397.1952 7640530.4963
498487.5106 7640489.9173
498582.6402 7640478.0660
498599.9018 7640394.6673
498532.9683 7640324.2471
498441.1017 7640297.5052
498342.0708 7640308.9192
498243.8367 7640326.9231
498145.6027 7640344.9269
498056.4716 7640300.2797
497965.4514 7640341.3820
497874.4291 7640382.4794
497783.4067 7640423.5768
497691.3763 7640462.2983
497598.5733 7640499.1993
497504.9835 7640515.6977
497409.6140 7640486.0543
497314.2445 7640456.4110
497223.1315 7640418.1636
497141.7008 7640360.3440
497060.2701 7640302.5243
496972.4381 7640263.2257
496872.6834 7640258.4231
496772.9287 7640253.6205
496680.0919 7640224.4901
496589.3000 7640183.5254
496560.6359 7640222.8034
496628.3406 7640284.8033
496716.0721 7640332.4969
496803.2872 7640381.1548
496890.5024 7640429.8127
496955.0520 7640503.9079
496978.9834 7640598.9145
496966.9553 7640654.6109
496885.1769 7640597.2842
496805.9127 7640536.7774
496731.2674 7640470.4288
496656.6221 7640404.0801
496565.2280 7640374.5724
496466.1591 7640361.9463
496367.0902 7640349.3202
496270.9960 7640322.4001
496175.1152 7640294.4548
496090.3488 7640259.9961
496102.3674 7640166.3622
496022.4371 7640130.8115
495948.8865 7640193.8080
495903.2048 7640282.6182
495837.7105 7640312.2062
495747.7838 7640268.7635
495657.8572 7640225.3208
495571.5548 7640175.5323
495480.0704 7640156.8761
495422.8236 7640217.5759
495397.4114 7640314.1589
495371.9161 7640410.7201
495346.4208 7640507.2812
495281.9607 7640573.9229
495195.2553 7640623.4833
495106.2594 7640654.3720
495010.2831 7640641.0027
494951.8006 7640699.4432
494963.9363 7640796.7681
494994.8084 7640891.7469
495025.6806 7640986.7257
495029.0548 7641083.3751
495018.9350 7641182.3990
495016.0276 7641282.2269
495013.1201 7641382.0548
494933.1901 7641421.0482
494836.7513 7641447.0027
494745.9163 7641488.0714
494655.8669 7641531.2590
494565.8175 7641574.4466
494470.0634 7641602.2802
494373.6604 7641628.3669
494277.2573 7641654.4536
494181.6796 7641628.1639
494086.1463 7641599.0527
493990.6131 7641569.9415
493911.8764 7641508.6115
493830.1859 7641451.1622
493748.3118 7641393.9723
493665.1025 7641338.7435
493567.8772 7641317.5178
493476.3331 7641354.7473
493421.2133 7641434.2982
493460.1477 7641521.8322
493536.4252 7641586.2978
493612.7027 7641650.7633
493626.2978 7641689.7009
493526.6851 7641682.5335
493474.2027 7641763.8083
493424.6020 7641850.4907
493396.1086 7641938.0006
493434.2089 7642029.8887
493456.8628 7642127.1557
493479.5167 7642224.4227
493510.7062 7642319.1655
493566.1739 7642401.7930
493624.1896 7642483.0840
493653.0005 7642558.0226
493566.4601 7642607.8706
493516.5217 7642677.8343
493588.2990 7642739.0781
493672.0493 7642793.4836
493750.0087 7642850.6650
493741.8887 7642949.9638
493760.3955 7643047.9858
493791.8129 7643142.7856
493823.2302 7643237.5855
493834.9789 7643335.0382
493851.2179 7643431.7095
493904.3036 7643513.8077
493978.5300 7643580.2374
494056.6956 7643642.4001
494137.3921 7643701.1418
494219.7039 7643757.7001
494302.0156 7643814.2584
494369.6577 7643885.9581
494428.7922 7643966.4390
494487.9266 7644046.9200
494518.9508 7644139.3276
494535.7333 7644237.7777
494552.5157 7644336.2277
494569.8878 7644434.5745
494587.5500 7644532.8706
494605.2122 7644631.1666
494579.5502 7644722.7155
494532.8327 7644810.9852
494486.1153 7644899.2549
494404.4824 7644949.2893
494312.3437 7644987.8191
494220.2051 7645026.3488
494127.4976 7645063.4848
494093.2745 7645153.6662
494065.3178 7645249.5437
494070.9757 7645348.7321
494090.2715 7645446.7206
494070.6404 7645540.0066
494028.5656 7645630.5813
493963.8787 7645659.4865
493873.5940 7645658.0891
493838.8478 7645733.5187
493845.9267 7645833.1377
493896.8623 7645906.5247
493992.4749 7645921.8967
494090.9001 7645907.5722
494188.8265 7645887.9636
494286.7528 7645868.3550
494374.2715 7645905.9852
494459.6005 7645957.8768
494545.0706 7646009.5385
494620.7832 7646069.1537
494650.5452 7646164.2135
494666.8091 7646262.7506
494683.0731 7646361.2876
494656.5293 7646447.6771
494590.9332 7646522.9846
494530.9411 7646602.5700
494489.2273 7646692.2734
494484.6675 7646789.3959
494521.7481 7646880.2083
494580.5184 7646960.6203
494656.8113 7647023.2875
494747.1238 7647064.4838
494841.2192 7647097.9521
494935.3146 7647131.4203
495006.0293 7647195.7889
495076.7877 7647265.2585