492670.3020 7636581.2197
492661.7670 7636681.7688
492681.7540 7636780.7845
492709.7705 7636877.8534
492737.7869 7636974.9224
492766.3360 7637071.8244
492798.6916 7637167.5345
492834.7265 7637261.6324
492886.8031 7637347.8891
492956.3256 7637419.1118
493047.3030 7637461.4465
493144.8416 7637487.7815
493243.9188 7637484.8416
493317.9230 7637418.4580
493389.3247 7637346.9800
493458.9609 7637316.2959
493523.9207 7637393.6750
493588.8805 7637471.0541
493651.5360 7637550.2455
493730.3390 7637586.7473
493809.5469 7637536.7168
493865.8837 7637453.0614
493905.7848 7637360.9201
493914.4142 7637261.9698
493905.0170 7637161.4095
493893.2295 7637061.0688
493870.6674 7636962.9012
493818.6630 7636878.3780
493754.8660 7636800.0375
493691.0690 7636721.6969
493680.6910 7636626.1516
493635.9061 7636554.3672
493536.4034 7636536.8601
493436.8248 7636519.7975
493336.5452 7636509.8887
493236.3731 7636517.8257
493138.9927 7636543.7446
493043.5196 7636576.7927
492948.0465 7636609.8407
492856.2208 7636585.6867
492761.4360 7636551.3391
492670.3020 7636581.2197