494228.1894 7640430.7341
494262.0708 7640336.7246
494247.7583 7640238.0420
494188.0317 7640157.0043
494119.8861 7640082.8379
494049.8826 7640011.1143
493960.2307 7639965.2123
493870.7859 7639918.9077
493781.3412 7639872.6031
493707.6099 7639811.9280
493669.4600 7639718.7129
493610.9607 7639642.1636
493522.0717 7639595.8645
493426.7466 7639563.9172
493328.4745 7639542.3807
493236.5581 7639562.5698
493174.3802 7639638.6891
493141.4529 7639732.8780
493125.5881 7639832.1672
493164.4481 7639917.5768
493227.0291 7639996.4934
493289.3632 7640075.6069
493352.1249 7640152.4562
493436.2746 7640097.4451
493516.2175 7640036.1783
493598.4826 7640034.1613
493682.9755 7640088.9832
493691.6834 7640179.0506
493767.0444 7640233.4846
493855.8846 7640280.9389
493944.7247 7640328.3932
494037.5248 7640367.4495
494130.6569 7640405.8018
494228.1894 7640430.7341