497108.1416 7649897.4227
497075.7322 7649991.3357
497132.4248 7650072.3105
497202.1180 7650143.0808
497273.9754 7650211.6827
497363.2455 7650254.7482
497456.2742 7650289.5619
497549.4895 7650323.9266
497642.7047 7650358.2914
497717.0106 7650422.9170
497788.7595 7650491.6346
497860.5084 7650560.3523
497943.9305 7650613.5421
498038.7805 7650640.4766
498136.2246 7650630.4636
498147.4249 7650544.0499
498105.6850 7650455.6716
498023.7659 7650401.9891
497937.5565 7650352.6135
497972.8884 7650279.6881
497976.5215 7650184.5537
497908.3527 7650113.1499
497838.4503 7650042.5548
497765.3209 7649975.3194
497681.5166 7649922.1936
497591.8894 7649879.4730
497494.8234 7649860.0443
497395.7631 7649853.3449
497296.5661 7649847.8690
497197.7238 7649856.4496
497108.1416 7649897.4227