582330.7824 7706056.5309
582528.4531 7706053.2470
582700.5037 7705953.5543
582872.8100 7705854.3535
583053.2587 7705770.8171
583233.5038 7705686.8719
583404.4164 7705588.0820
583522.2448 7705428.1237
583665.6903 7705290.4159
583809.1358 7705152.7081
583988.3552 7705082.3089
584182.7481 7705040.4590
584089.9086 7704949.8278
583898.6655 7704909.3713
583714.9202 7704839.5522
583536.1701 7704752.4404
583354.2220 7704769.6228
583203.3256 7704899.1230
583052.4292 7705028.6233
582886.1022 7705128.4943
582805.7535 7705221.4969
582914.5221 7705387.9584
582754.1126 7705459.7291
582569.8429 7705534.3490
582454.5626 7705693.7908
582344.1374 7705859.1580
582330.7824 7706056.5309