500176.2181 7640926.1458
500187.4655 7641025.9772
500207.4845 7641124.3013
500252.8887 7641213.7251
500319.3772 7641288.8742
500398.0148 7641351.4048
500476.6525 7641413.9354
500544.6672 7641482.6212
500559.8097 7641581.9422
500598.2826 7641665.3578
500692.9178 7641687.3268
500793.3853 7641687.8129
500893.8529 7641688.2991
500972.6910 7641740.1320
501043.2247 7641811.6788
501129.7567 7641853.1280
501161.2313 7641757.7167
501192.7059 7641662.3055
501268.0014 7641671.4151
501269.1664 7641604.5848
501245.6698 7641506.9023
501221.3120 7641409.4633
501162.9748 7641353.9695
501062.6978 7641360.1730
500962.4208 7641366.3765
500872.9229 7641332.7015
500789.4264 7641276.8241
500705.9298 7641220.9467
500661.7601 7641134.5758
500593.6843 7641063.6032
500517.3339 7640998.2994
500440.9836 7640932.9956
500351.2992 7640888.4341
500253.6874 7640865.3159
500176.2181 7640926.1458