504327.1752 7657167.4658
504291.9698 7657253.7822
504345.3959 7657336.9749
504411.8819 7657410.6636
504478.3680 7657484.3523
504544.8540 7657558.0410
504593.3132 7657642.6931
504658.8060 7657710.9790
504752.1273 7657738.9433
504846.8838 7657719.7462
504944.9194 7657708.6949
505043.0035 7657698.2018
505093.9669 7657646.9981
505041.5594 7657562.9233
504984.0779 7657482.0141
504926.5963 7657401.1049
504868.9785 7657320.2956
504807.4830 7657243.2962
504715.5291 7657205.9478
504623.4009 7657169.2579
504524.9989 7657156.4024
504425.7508 7657155.9263
504327.1752 7657167.4658