508849.2424 7651959.4510
508822.2475 7651864.8702
508753.6972 7651793.1559
508679.4275 7651727.3595
508609.5415 7651656.9095
508539.6556 7651586.4596
508469.7696 7651516.0097
508438.2983 7651432.5457
508454.6022 7651334.6983
508472.8732 7651237.1616
508491.1442 7651139.6249
508486.5081 7651046.9246
508430.3673 7650965.0988
508380.4065 7650879.8843
508328.7834 7650797.7358
508247.5439 7650743.7095
508154.3163 7650737.2418
508085.2475 7650796.4414
508074.9927 7650891.2651
508089.4798 7650989.4157
508098.7265 7651087.9889
508124.7821 7651177.5642
508185.3494 7651256.1698
508245.9167 7651334.7754
508306.4840 7651413.3810
508351.0054 7651500.1417
508378.8024 7651595.4023
508406.5994 7651690.6628
508434.3965 7651785.9233
508484.1544 7651869.4454
508561.4598 7651929.1647
508655.3772 7651956.9266
508753.1631 7651973.8139
508849.2424 7651959.4510