501884.6877 7571324.5372
501890.2295 7571423.1615
501914.8457 7571519.9167
501939.4620 7571616.6718
501964.0782 7571713.4270
501984.2374 7571811.0239
502014.4624 7571903.5911
502068.6782 7571987.4253
502122.8940 7572071.2595
502177.1097 7572155.0937
502199.0379 7572247.8454
502251.7555 7572328.9620
502340.7679 7572367.4608
502438.8000 7572364.9086
502537.6911 7572351.1948
502635.3157 7572330.9431
502732.1741 7572306.7363
502829.0325 7572282.5295
502925.8909 7572258.3226
502917.4605 7572163.9272
502844.4879 7572095.7912
502771.5153 7572027.6551
502698.5427 7571959.5190
502639.2925 7571881.4788
502597.4040 7571790.8543
502551.5580 7571702.3063
502491.6589 7571623.6623
502411.7470 7571565.7192
502319.8948 7571526.8838
502225.7168 7571493.7475
502131.5387 7571460.6112
502037.3606 7571427.4749
501977.6287 7571352.4714
501884.6877 7571324.5372