502520.4465 7570570.2020
502552.2959 7570665.7343
502618.0292 7570742.1156
502686.1178 7570816.4047
502754.2182 7570890.6833
502847.1741 7570929.1188
502940.6119 7570966.8594
502974.8804 7571061.2203
503008.4726 7571156.2284
503042.0647 7571251.2365
503018.8835 7571313.9310
502920.0423 7571333.5623
502821.2011 7571353.1936
502754.3676 7571391.3261
502795.6131 7571482.1156
502871.0994 7571539.4008
502969.2544 7571562.2164
503067.4095 7571585.0321
503165.5646 7571607.8478
503264.5329 7571626.7417
503364.4297 7571617.4857
503464.4182 7571604.9447
503508.4136 7571534.8744
503468.4694 7571453.1863
503382.2204 7571402.5786
503292.4619 7571356.7705
503202.7034 7571310.9624
503135.5026 7571247.9282
503114.9443 7571149.2756
503094.3860 7571050.6231
503037.3794 7570969.4707
502969.2919 7570895.2077
502900.6231 7570821.4543
502828.7188 7570750.8734
502756.8290 7570680.2566
502685.0245 7570609.5523
502608.7659 7570543.7408
502520.4465 7570570.2020