0.26453536895446095 0.5324556997609291
0.1671212286036734 0.43113759417388
0.13152760039857814 0.31423208772728506
0.12403420498697892 0.1739454799913709
0.14464104236887643 0.03625677239871461
0.23643513616096445 0.02586517182568393
0.3207358345414535 0.03365887225545694
0.37506295127554656 0.03365887225545694
0.42564337030384003 0.02066937153916859
0.4799704870379329 0.02066937153916859
0.5155641152430284 -0.033886531469242476
0.5830046739474197 -0.09623613490742644
0.6392051395344125 -0.08584453433439576
0.6747987677395078 0.02586517182568393
0.6747987677395078 0.15056437870205186
0.6429518372402119 0.21291398214023594
0.5811313250945198 0.21291398214023594
0.5230575106546274 0.18693498070765924
0.4518702542444366 0.23889298357281263
0.440630161127038 0.3454068894463769
0.37131625356974696 0.40775649288456095
0.3600761604523486 0.4908892974688064
0.3600761604523486 0.5844137026260823
0.3507094161878497 0.6779381077833584
0.3226091833943534 0.789647813943438
0.23643513616096445 0.7480814116513155
0.21395494992616748 0.6441654059210087
0.26453536895446095 0.5324556997609291
